1 0.284981081838565 0.9011350896860987 0.4111021580717489 0.9011350896860987 0.4111021580717489 0.9974775784753364 0.284981081838565 0.9974775784753364
1 0.024856362107623313 0.9107693385650224 0.13959150784753363 0.9107693385650224 0.13959150784753363 0.9974775784753364 0.024856362107623313 0.9974775784753364
1 0.07565512892376682 0.8240610986547086 0.191266115470852 0.8240610986547086 0.191266115470852 0.9633197869955157 0.07565512892376682 0.9633197869955157
1 0.4137296804932735 0.741732062780269 0.5162030549327354 0.741732062780269 0.5162030549327354 0.8643497757847534 0.4137296804932735 0.8643497757847534
1 0.12820557735426008 0.7802690582959642 0.23943735986547085 0.7802690582959642 0.23943735986547085 0.8923766816143498 0.12820557735426008 0.8923766816143498
1 0.550360846412556 0.8862457959641256 0.659840947309417 0.8862457959641256 0.659840947309417 0.9747057174887892 0.550360846412556 0.9747057174887892
0 0.6344415639013453 0.9125210201793722 0.7246531670403588 0.9125210201793722 0.7246531670403588 0.9957258968609866 0.6344415639013453 0.9957258968609866
1 0.8236231782511211 0.8109234865470852 0.9663852298206278 0.8109234865470852 0.9663852298206278 0.968574831838565 0.8236231782511211 0.968574831838565
1 0.7842103419282511 0.7837724215246636 0.8910629204035875 0.7837724215246636 0.8910629204035875 0.8888733183856502 0.7842103419282511 0.8888733183856502
1 0.7018813060538117 0.711077634529148 0.8096097253363229 0.711077634529148 0.8096097253363229 0.8240610986547086 0.7018813060538117 0.8240610986547086
1 0.6274348374439462 0.6576513452914798 0.7421699831838565 0.6576513452914798 0.7421699831838565 0.7697589686098655 0.6274348374439462 0.7697589686098655
1 0.5398507567264574 0.5840807174887892 0.6852403307174888 0.5840807174887892 0.6852403307174888 0.7137051569506726 0.5398507567264574 0.7137051569506726
1 0.4978103979820628 0.5639363789237668 0.6011596132286996 0.5639363789237668 0.6011596132286996 0.65589966367713 0.4978103979820628 0.65589966367713
1 0.4093504764573991 0.4903657511210762 0.5407265975336323 0.4903657511210762 0.5407265975336323 0.6199901905829597 0.4093504764573991 0.6199901905829597
2 0.2797260369955157 0.4194226457399103 0.4671559697309417 0.4194226457399103 0.4671559697309417 0.5744464686098655 0.2797260369955157 0.5744464686098655
1 0.09492362668161435 0.29943245515695066 0.2350581558295964 0.29943245515695066 0.2350581558295964 0.43168441704035876 0.09492362668161435 0.43168441704035876
1 0.056386631165919285 0.24863368834080715 0.1579841647982063 0.24863368834080715 0.1579841647982063 0.35110706278026904 0.056386631165919285 0.35110706278026904
1 0.005587864349775781 0.4632146860986547 0.11156460201793722 0.4632146860986547 0.11156460201793722 0.5613088565022422 0.005587864349775781 0.5613088565022422
1 0.7877137051569507 0.2442544843049327 0.8971938060538117 0.2442544843049327 0.8971938060538117 0.31957679372197306 0.7877137051569507 0.31957679372197306
1 0.7255290078475336 0.26352298206278024 0.8577809697309418 0.26352298206278024 0.8577809697309418 0.38614069506726456 0.7255290078475336 0.38614069506726456
1 0.4811694226457399 0.30030829596412556 0.6064146580717489 0.30030829596412556 0.6064146580717489 0.4360636210762332 0.4811694226457399 0.4360636210762332
1 0.5293406670403588 0.2451303251121076 0.6431999719730942 0.2451303251121076 0.6431999719730942 0.3476036995515695 0.5293406670403588 0.3476036995515695
1 0.6948745795964125 0.34497617713004486 0.7920929091928252 0.34497617713004486 0.7920929091928252 0.43168441704035876 0.6948745795964125 0.43168441704035876
1 0.6291865190582959 0.4264293721973094 0.7430458239910314 0.4264293721973094 0.7430458239910314 0.5306544282511211 0.6291865190582959 0.5306544282511211
1 0.27797435538116594 0.671664798206278 0.42774313340807174 0.671664798206278 0.42774313340807174 0.7960341928251121 0.27797435538116594 0.7960341928251121
1 0.5722568665919282 0.16455297085201792 0.6983779428251121 0.16455297085201792 0.6983779428251121 0.28541900224215244 0.5722568665919282 0.28541900224215244
1 0.6318140414798207 0.09448570627802691 0.7509283912556054 0.09448570627802691 0.7509283912556054 0.20834501121076232 0.6318140414798207 0.20834501121076232
1 0.6510825392376681 0.007777466367713001 0.8148647701793722 0.007777466367713001 0.8148647701793722 0.1452844730941704 0.6510825392376681 0.1452844730941704
1 0.8350091087443946 0.13827774663677128 0.9952879764573991 0.13827774663677128 0.9952879764573991 0.28454316143497754 0.8350091087443946 0.28454316143497754
1 0.8595326513452914 0.35110706278026904 0.9970396580717489 0.35110706278026904 0.9970396580717489 0.538536995515695 0.8595326513452914 0.538536995515695
1 0.777203615470852 0.4658422085201794 0.9278482343049328 0.4658422085201794 0.9278482343049328 0.6007216928251121 0.777203615470852 0.6007216928251121
1 0.31038046524663676 0.1663046524663677 0.44000490470852016 0.1663046524663677 0.44000490470852016 0.2959290919282511 0.31038046524663676 0.2959290919282511
1 0.370813480941704 0.11112668161434978 0.4811694226457399 0.11112668161434978 0.4811694226457399 0.22673766816143498 0.370813480941704 0.22673766816143498
1 0.4093504764573991 0.0436869394618834 0.535471552690583 0.0436869394618834 0.535471552690583 0.16104960762331838 0.4093504764573991 0.16104960762331838
1 0.4662801289237668 0.0007707399103138974 0.5871461603139013 0.0007707399103138974 0.5871461603139013 0.08923066143497758 0.4662801289237668 0.08923066143497758
1 0.2061554091928251 0.0016465807174887853 0.3270214405829596 0.0016465807174887853 0.3270214405829596 0.117257567264574 0.2061554091928251 0.117257567264574
1 0.1124404428251121 0.04543862107623318 0.26658842488789236 0.04543862107623318 0.26658842488789236 0.18644899103139012 0.1124404428251121 0.18644899103139012
