1 0.41455078125 0.21865699404761904 0.5156947544642857 0.21865699404761904 0.5156947544642857 0.3244512648809524 0.41455078125 0.3244512648809524
1 0.5575474330357143 0.04659598214285712 0.6796177455357143 0.04659598214285712 0.6796177455357143 0.19889322916666666 0.5575474330357143 0.19889322916666666
1 0.49709356398809523 0.0396205357142857 0.5935872395833334 0.0396205357142857 0.5935872395833334 0.14890252976190474 0.49709356398809523 0.14890252976190474
1 0.24714006696428573 0.09658668154761903 0.3971121651785715 0.09658668154761903 0.3971121651785715 0.21400669642857142 0.24714006696428573 0.21400669642857142
1 0.20179966517857142 0.16517857142857142 0.29364304315476186 0.16517857142857142 0.29364304315476186 0.25469680059523814 0.20179966517857142 0.25469680059523814
1 0.1401832217261905 0.24539620535714285 0.2506277901785714 0.24539620535714285 0.2506277901785714 0.3488653273809524 0.1401832217261905 0.3488653273809524
1 0.0913550967261905 0.28724888392857145 0.20296223958333334 0.28724888392857145 0.20296223958333334 0.40931919642857145 0.0913550967261905 0.40931919642857145
1 0.030901227678571425 0.3581659226190476 0.2006370907738095 0.3581659226190476 0.2006370907738095 0.4941871279761905 0.030901227678571425 0.4941871279761905
1 0.26225353422619047 0.4244326636904762 0.3866489955357143 0.4244326636904762 0.3866489955357143 0.547665550595238 0.26225353422619047 0.547665550595238
1 0.29364304315476186 0.35235305059523814 0.4354771205357143 0.35235305059523814 0.4354771205357143 0.4686104910714286 0.29364304315476186 0.4686104910714286
1 0.35990978422619047 0.29073660714285715 0.48198009672619047 0.29073660714285715 0.48198009672619047 0.40815662202380953 0.35990978422619047 0.40815662202380953
1 0.1727353050595238 0.463960193452381 0.3273577008928571 0.463960193452381 0.3273577008928571 0.6011439732142857 0.1727353050595238 0.6011439732142857
1 0.42036365327380953 0.5348772321428571 0.5505719866071429 0.5348772321428571 0.5505719866071429 0.6650855654761905 0.42036365327380953 0.6650855654761905
1 0.34363374255952384 0.5918433779761905 0.5040690104166667 0.5918433779761905 0.5040690104166667 0.7522786458333333 0.34363374255952384 0.7522786458333333
1 0.5284830729166667 0.3965308779761905 0.6633417038690477 0.3965308779761905 0.6633417038690477 0.5174386160714285 0.5284830729166667 0.5174386160714285
1 0.573823474702381 0.3267764136904762 0.6796177455357143 0.3267764136904762 0.6796177455357143 0.43257068452380953 0.573823474702381 0.43257068452380953
1 0.6366024925595238 0.26167224702380953 0.7784365699404763 0.26167224702380953 0.7784365699404763 0.34421502976190477 0.6366024925595238 0.34421502976190477
1 0.671479724702381 0.17215401785714285 0.75634765625 0.17215401785714285 0.75634765625 0.27097284226190477 0.671479724702381 0.27097284226190477
1 0.8354027157738095 0.2732979910714286 0.9644484747023809 0.2732979910714286 0.9644484747023809 0.39304315476190477 0.8354027157738095 0.39304315476190477
2 0.8249395461309524 0.3721168154761905 0.9098074776785714 0.3721168154761905 0.9098074776785714 0.4523344494047619 0.8249395461309524 0.4523344494047619
2 0.7249581473214286 0.4000186011904762 0.8714425223214286 0.4000186011904762 0.8714425223214286 0.5953311011904762 0.7249581473214286 0.5953311011904762
1 0.5900995163690477 0.5313895089285714 0.7668108258928572 0.5313895089285714 0.7668108258928572 0.7464657738095238 0.5900995163690477 0.7464657738095238
1 0.5063941592261905 0.7081008184523809 0.6435779389880952 0.7081008184523809 0.6435779389880952 0.8301711309523809 0.5063941592261905 0.8301711309523809
1 0.22621372767857142 0.791806175595238 0.37386067708333337 0.791806175595238 0.37386067708333337 0.9568917410714286 0.22621372767857142 0.9568917410714286
1 0.18319847470238096 0.7906436011904762 0.2715541294642857 0.7906436011904762 0.2715541294642857 0.8882998511904762 0.18319847470238096 0.8882998511904762
1 0.08786737351190474 0.6999627976190476 0.2180757068452381 0.6999627976190476 0.2180757068452381 0.8476097470238095 0.08786737351190474 0.8476097470238095
1 0.7191452752976191 0.7580915178571428 0.8830682663690477 0.7580915178571428 0.8830682663690477 0.9906063988095238 0.7191452752976191 0.9906063988095238
