1 -1.3877787807814457e-17 0.1363960022799257 0.12390718005952381 0.1363960022799257 0.12390718005952381 0.2512090773809524 -1.3877787807814457e-17 0.2512090773809524
1 0.21575055803571427 0.19773065476190474 0.35060918898809523 0.19773065476190474 0.35060918898809523 0.3232886904761905 0.21575055803571427 0.3232886904761905
1 0.17971075148809526 0.2605096726190476 0.29248046875 0.2605096726190476 0.29248046875 0.38374255952380953 0.17971075148809526 0.38374255952380953
1 0.3517717633928572 0.28259858630952384 0.47849237351190477 0.28259858630952384 0.47849237351190477 0.40583147321428575 0.3517717633928572 0.40583147321428575
1 0.2459774925595238 0.43024553571428575 0.37502325148809523 0.43024553571428575 0.37502325148809523 0.5430152529761905 0.2459774925595238 0.5430152529761905
0 0.2006370907738095 0.5174386160714285 0.31805710565476186 0.5174386160714285 0.31805710565476186 0.620907738095238 0.2006370907738095 0.620907738095238
1 0.29480561755952384 0.3465401785714286 0.43780226934523814 0.3465401785714286 0.43780226934523814 0.48604910714285715 0.29480561755952384 0.48604910714285715
1 0.12390718005952381 0.34421502976190477 0.2378394717261905 0.34421502976190477 0.2378394717261905 0.45000930059523814 0.12390718005952381 0.45000930059523814
1 0.06461588541666666 0.41280691964285715 0.2006370907738095 0.41280691964285715 0.2006370907738095 0.5174386160714285 0.06461588541666666 0.5174386160714285
1 0.022763206845238082 0.48139880952380953 0.16692243303571427 0.48139880952380953 0.16692243303571427 0.6197451636904762 0.022763206845238082 0.6197451636904762
1 0.0 0.5576514528508771 0.06577845982142858 0.5576514528508771 0.06577845982142858 0.6499720982142857 0.0 0.6499720982142857
1 0.1506463913690476 0.5755673363095238 0.2750418526785714 0.5755673363095238 0.2750418526785714 0.6883370535714286 0.1506463913690476 0.6883370535714286
0 0.11681964686098655 0.6471412556053812 0.21754133968609865 0.6471412556053812 0.21754133968609865 0.7548696748878924 0.11681964686098655 0.7548696748878924
1 0.05113158632286995 0.6909332959641256 0.1711217769058296 0.6909332959641256 0.1711217769058296 0.8336953475336323 0.05113158632286995 0.8336953475336323
1 0.0038361827354260053 0.7977858744394619 0.11331628363228699 0.7977858744394619 0.11331628363228699 0.8976317264573991 0.0038361827354260053 0.8976317264573991
1 0.00033281950672645337 0.8722323430493274 0.06339335762331838 0.8722323430493274 0.06339335762331838 0.9790849215246636 0.00033281950672645337 0.9790849215246636
1 0.378696048206278 0.6182385089686099 0.5258373038116592 0.6182385089686099 0.5258373038116592 0.7469871076233183 0.378696048206278 0.7469871076233183
1 0.42861897421524664 0.5481712443946188 0.551236687219731 0.5481712443946188 0.551236687219731 0.6497687780269058 0.42861897421524664 0.6497687780269058
1 0.3392832118834081 0.6944366591928252 0.46452844730941706 0.6944366591928252 0.46452844730941706 0.8188060538116592 0.3392832118834081 0.8188060538116592
2 0.8420158352017937 0.03930773542600896 0.9558751401345291 0.03930773542600896 0.9558751401345291 0.16542881165919282 0.8420158352017937 0.16542881165919282
2 0.7868378643497758 0.002522421524663673 0.8936904428251121 0.002522421524663673 0.8936904428251121 0.10587163677130045 0.7868378643497758 0.10587163677130045
2 0.7106397141255606 0.002522421524663673 0.8069822029147982 0.002522421524663673 0.8069822029147982 0.05682455156950672 0.7106397141255606 0.05682455156950672
2 0.6037871356502242 0.33008688340807174 0.6975021020179373 0.33008688340807174 0.6975021020179373 0.41591928251121074 0.6037871356502242 0.41591928251121074
2 0.5696293441704036 0.20659332959641255 0.7518042320627802 0.20659332959641255 0.7518042320627802 0.3248318385650224 0.5696293441704036 0.3248318385650224
1 0.49518287556053814 0.1461603139013453 0.5853944786995515 0.1461603139013453 0.5853944786995515 0.25476457399103136 0.49518287556053814 0.25476457399103136
2 0.3673101177130045 0.007777466367713001 0.4978103979820628 0.007777466367713001 0.4978103979820628 0.1452844730941704 0.3673101177130045 0.1452844730941704
1 0.7544317544843049 0.4430703475336323 0.8612843329596412 0.4430703475336323 0.8612843329596412 0.5341577914798206 0.7544317544843049 0.5341577914798206
0 0.4873003082959641 0.4710972533632287 0.6344415639013453 0.4710972533632287 0.6344415639013453 0.6147351457399103 0.4873003082959641 0.6147351457399103
0 0.5407265975336323 0.41767096412556054 0.6414482903587444 0.41767096412556054 0.6414482903587444 0.5166409753363229 0.5407265975336323 0.5166409753363229
1 0.511823850896861 0.6944366591928252 0.6396966087443946 0.6944366591928252 0.6396966087443946 0.8249369394618834 0.511823850896861 0.8249369394618834
1 0.4750385369955157 0.7662556053811659 0.5906495235426009 0.7662556053811659 0.5906495235426009 0.8976317264573991 0.4750385369955157 0.8976317264573991
1 0.425991451793722 0.8634739349775785 0.535471552690583 0.8634739349775785 0.535471552690583 0.9641956278026905 0.425991451793722 0.9641956278026905
1 0.28936028587443946 0.7627522421524664 0.42949481502242154 0.7627522421524664 0.42949481502242154 0.8652256165919282 0.28936028587443946 0.8652256165919282
1 0.6721027186098655 0.5008758408071748 0.7877137051569507 0.5008758408071748 0.7877137051569507 0.6199901905829597 0.6721027186098655 0.6199901905829597
1 0.6230556334080718 0.5919632847533632 0.7255290078475336 0.5919632847533632 0.7255290078475336 0.6900574551569507 0.6230556334080718 0.6900574551569507
1 0.5801394338565022 0.6418862107623319 0.6852403307174888 0.6418862107623319 0.6852403307174888 0.7636280829596412 0.5801394338565022 0.7636280829596412
1 0.8341332679372198 0.6392586883408071 0.9576268217488789 0.6392586883408071 0.9576268217488789 0.7338494955156951 0.8341332679372198 0.7338494955156951
1 0.8183681334080718 0.7338494955156951 0.9059522141255606 0.7338494955156951 0.9059522141255606 0.8109234865470852 0.8183681334080718 0.8109234865470852
1 0.7290323710762332 0.7802690582959642 0.8726702634529148 0.7802690582959642 0.8726702634529148 0.9072659753363229 0.7290323710762332 0.9072659753363229
1 0.6721027186098655 0.8582188901345291 0.8078580437219731 0.8582188901345291 0.8078580437219731 0.9799607623318386 0.6721027186098655 0.9799607623318386
