1 0.013402478448275856 0.1800915948275862 0.1784078663793104 0.1800915948275862 0.1784078663793104 0.30973868534482757 0.013402478448275856 0.30973868534482757
1 0.01171875 0.3013200431034483 0.17672413793103448 0.3013200431034483 0.17672413793103448 0.3804552801724138 0.01171875 0.3804552801724138
1 0.004983836206896519 0.3838227370689655 0.17504040948275856 0.3838227370689655 0.17504040948275856 0.48989762931034486 0.004983836206896519 0.48989762931034486
1 0.008351293103448232 0.4915813577586207 0.1615705818965517 0.4915813577586207 0.1615705818965517 0.5959725215517242 0.008351293103448232 0.5959725215517242
1 0.021821120689655138 0.5892376077586207 0.16325431034482762 0.5892376077586207 0.16325431034482762 0.707098599137931 0.021821120689655138 0.707098599137931
1 0.03360721982758619 0.7744477370689655 0.1598868534482758 0.7744477370689655 0.1598868534482758 0.8838900862068966 0.03360721982758619 0.8838900862068966
1 0.03192349137931033 0.8838900862068966 0.16830549568965514 0.8838900862068966 0.16830549568965514 0.9680765086206897 0.03192349137931033 0.9680765086206897
1 0.26932920258620685 0.7761314655172414 0.36698545258620685 0.7761314655172414 0.36698545258620685 0.8805226293103449 0.26932920258620685 0.8805226293103449
1 0.2592268318965517 0.8822063577586208 0.3821390086206896 0.8822063577586208 0.3821390086206896 0.9748114224137931 0.2592268318965517 0.9748114224137931
1 0.41581357758620685 0.7778151939655172 0.537042025862069 0.7778151939655172 0.537042025862069 0.8822063577586208 0.41581357758620685 0.8822063577586208
1 0.4208647629310345 0.8872575431034483 0.5404094827586207 0.8872575431034483 0.5404094827586207 0.9849137931034483 0.4208647629310345 0.9849137931034483
1 0.6245959051724138 0.7643453663793104 0.7559267241379312 0.7643453663793104 0.7559267241379312 0.8771551724137931 0.6245959051724138 0.8771551724137931
1 0.7862338362068967 0.7677128232758621 0.9478717672413793 0.7677128232758621 0.9478717672413793 0.8721039870689655 0.7862338362068967 0.8721039870689655
1 0.633014547413793 0.8805226293103449 0.757610452586207 0.8805226293103449 0.757610452586207 0.9849137931034483 0.633014547413793 0.9849137931034483
1 0.7744477370689656 0.8822063577586208 0.9478717672413793 0.8822063577586208 0.9478717672413793 0.9731276939655173 0.7744477370689656 0.9731276939655173
