1 0.49593098958333337 0.015206473214285697 0.6005626860119048 0.015206473214285697 0.6005626860119048 0.13146391369047616 0.49593098958333337 0.13146391369047616
1 0.5900995163690477 9.300595238093384e-05 0.7028692336309524 9.300595238093384e-05 0.7028692336309524 0.15006510416666666 0.5900995163690477 0.15006510416666666
1 0.6865931919642858 0.03613281249999998 0.7958751860119048 0.03613281249999998 0.7958751860119048 0.16285342261904762 0.6865931919642858 0.16285342261904762
1 0.7400716145833334 0.12100074404761903 0.8493536086309523 0.12100074404761903 0.8493536086309523 0.20703125 0.7400716145833334 0.20703125
1 0.8447033110119049 0.17099144345238093 0.9632859002976191 0.17099144345238093 0.9632859002976191 0.28957403273809523 0.8447033110119049 0.28957403273809523
1 0.7784365699404763 0.33607700892857145 0.8946940104166667 0.33607700892857145 0.8946940104166667 0.45930989583333337 0.7784365699404763 0.45930989583333337
1 0.7342587425595238 0.4069940476190476 0.8354027157738095 0.4069940476190476 0.8354027157738095 0.5174386160714285 0.7342587425595238 0.5174386160714285
1 0.5959123883928572 0.2291201636904762 0.7214704241071429 0.2291201636904762 0.7214704241071429 0.35700334821428575 0.5959123883928572 0.35700334821428575
1 0.5587100074404763 0.29538690476190477 0.6563662574404763 0.29538690476190477 0.6563662574404763 0.4000186011904762 0.5587100074404763 0.4000186011904762
1 0.49360584077380953 0.36514136904761907 0.6191638764880952 0.36514136904761907 0.6191638764880952 0.47442336309523814 0.49360584077380953 0.47442336309523814
1 0.45059058779761907 0.11867559523809522 0.5470842633928572 0.11867559523809522 0.5470842633928572 0.22330729166666666 0.45059058779761907 0.22330729166666666
0 0.28666759672619047 0.0024181547619047433 0.43780226934523814 0.0024181547619047433 0.43780226934523814 0.13146391369047616 0.28666759672619047 0.13146391369047616
0 0.26341610863095233 0.2977120535714286 0.4285016741071429 0.2977120535714286 0.4285016741071429 0.4314081101190476 0.26341610863095233 0.4314081101190476
0 0.3482840401785715 0.2535342261904762 0.4564034598214286 0.2535342261904762 0.4564034598214286 0.35700334821428575 0.3482840401785715 0.35700334821428575
0 0.394461182735426 0.16893217488789236 0.5091963284753364 0.16893217488789236 0.5091963284753364 0.2915498878923767 0.394461182735426 0.2915498878923767
1 0.2630850616591928 0.29768077354260086 0.425991451793722 0.29768077354260086 0.425991451793722 0.4273052130044843 0.2630850616591928 0.4273052130044843
1 0.35329666479820626 0.25564041479820626 0.4601492432735426 0.25564041479820626 0.4601492432735426 0.3546104260089686 0.35329666479820626 0.3546104260089686
1 0.38482693385650224 0.16893217488789236 0.511823850896861 0.16893217488789236 0.511823850896861 0.296804932735426 0.38482693385650224 0.296804932735426
1 0.10718539798206278 0.1943315582959641 0.2289272701793722 0.1943315582959641 0.2289272701793722 0.3151975896860986 0.10718539798206278 0.3151975896860986
1 0.2350581558295964 0.3896440582959641 0.3716893217488789 0.3896440582959641 0.3716893217488789 0.4982483183856502 0.2350581558295964 0.4982483183856502
1 0.18951443385650224 0.45883548206278024 0.3077529428251121 0.45883548206278024 0.3077529428251121 0.5753223094170403 0.18951443385650224 0.5753223094170403
1 0.15185327914798205 0.5367853139013453 0.2595816984304933 0.5367853139013453 0.2595816984304933 0.6383828475336323 0.15185327914798205 0.6383828475336323
1 0.06689672085201794 0.2687780269058296 0.1781285033632287 0.2687780269058296 0.1781285033632287 0.38438901345291476 0.06689672085201794 0.38438901345291476
1 0.0012086603139013414 0.3274593609865471 0.1343364630044843 0.3274593609865471 0.1343364630044843 0.4562079596412556 0.0012086603139013414 0.4562079596412556
1 0.00033281950672645337 0.003398262331838561 0.1422190302690583 0.003398262331838561 0.1422190302690583 0.16280128923766815 0.00033281950672645337 0.16280128923766815
0 0.21053461322869954 0.05507286995515694 0.3261455997757848 0.05507286995515694 0.3261455997757848 0.16542881165919282 0.21053461322869954 0.16542881165919282
0 0.17550098094170405 0.12426429372197309 0.26658842488789236 0.12426429372197309 0.26658842488789236 0.22673766816143498 0.17550098094170405 0.22673766816143498
1 0.44963915358744394 0.4343119394618834 0.5687535033632287 0.4343119394618834 0.5687535033632287 0.5499229260089686 0.44963915358744394 0.5499229260089686
1 0.3874544562780269 0.5052550448430493 0.5135755325112108 0.5052550448430493 0.5135755325112108 0.6138593049327354 0.3874544562780269 0.6138593049327354
1 0.3471657791479821 0.5656880605381166 0.4820452634529148 0.5656880605381166 0.4820452634529148 0.6953125 0.3471657791479821 0.6953125
1 0.2814777186098655 0.6375070067264574 0.4365015414798206 0.6375070067264574 0.4365015414798206 0.789027466367713 0.2814777186098655 0.789027466367713
1 0.5932770459641256 0.6453895739910314 0.6887436939461884 0.6453895739910314 0.6887436939461884 0.7373528587443946 0.5932770459641256 0.7373528587443946
1 0.6107938621076233 0.5551779708520179 0.7290323710762332 0.5551779708520179 0.7290323710762332 0.6594030269058296 0.6107938621076233 0.6594030269058296
1 0.6659718329596412 0.4877382286995516 0.7842103419282511 0.4877382286995516 0.7842103419282511 0.6007216928251121 0.6659718329596412 0.6007216928251121
1 0.5302165078475336 0.7005675448430493 0.6326898822869955 0.7005675448430493 0.6326898822869955 0.8065442825112108 0.5302165078475336 0.8065442825112108
1 0.44963915358744394 0.758373038116592 0.5757602298206278 0.758373038116592 0.5757602298206278 0.9230311098654709 0.44963915358744394 0.9230311098654709
0 0.010842909192825108 0.6865540919282511 0.13871566704035873 0.6865540919282511 0.13871566704035873 0.7960341928251121 0.010842909192825108 0.7960341928251121
1 0.0012086603139013414 0.7566213565022422 0.0905444226457399 0.7566213565022422 0.0905444226457399 0.8643497757847534 0.0012086603139013414 0.8643497757847534
0 0.1851352298206278 0.8109234865470852 0.3051254204035874 0.8109234865470852 0.3051254204035874 0.9317895179372198 0.1851352298206278 0.9317895179372198
1 0.13346062219730942 0.8643497757847534 0.25607833520179374 0.8643497757847534 0.25607833520179374 0.9825882847533632 0.13346062219730942 0.9825882847533632
1 0.34015905269058294 0.9265344730941704 0.46365260650224216 0.9265344730941704 0.46365260650224216 0.9974775784753364 0.34015905269058294 0.9974775784753364
1 0.6265589966367713 0.890625 0.7360390975336323 0.890625 0.7360390975336323 0.9834641255605381 0.6265589966367713 0.9834641255605381
1 0.6756060818385651 0.803916760089686 0.8096097253363229 0.803916760089686 0.8096097253363229 0.9344170403587444 0.6756060818385651 0.9344170403587444
0 0.7316598934977578 0.7478629484304933 0.8665393778026906 0.7478629484304933 0.8665393778026906 0.8643497757847534 0.7316598934977578 0.8643497757847534
1 0.7579351177130045 0.65589966367713 0.9287240751121076 0.65589966367713 0.9287240751121076 0.7977858744394619 0.7579351177130045 0.7977858744394619
1 0.8218714966367713 0.609480100896861 0.9243448710762332 0.609480100896861 0.9243448710762332 0.7250910874439462 0.8218714966367713 0.7250910874439462
1 0.8761736266816144 0.538536995515695 0.9812745235426009 0.538536995515695 0.9812745235426009 0.6410103699551569 0.8761736266816144 0.6410103699551569
