1 0.16575985863095236 0.4232700892857143 0.27039155505952384 0.4232700892857143 0.27039155505952384 0.5360398065476191 0.16575985863095236 0.5360398065476191
1 0.03322637648809523 0.4279203869047619 0.09833054315476189 0.4279203869047619 0.09833054315476189 0.4930245535714286 0.03322637648809523 0.4930245535714286
1 0.35060918898809523 0.09193638392857141 0.440127418154762 0.09193638392857141 0.440127418154762 0.2105189732142857 0.35060918898809523 0.2105189732142857
2 0.8702799479166667 0.293061755952381 0.9911876860119049 0.293061755952381 0.9911876860119049 0.5360398065476191 0.8702799479166667 0.5360398065476191
2 0.8075009300595238 0.12913876488095236 0.8993443080357144 0.12913876488095236 0.8993443080357144 0.23958333333333331 0.8075009300595238 0.23958333333333331
2 0.6377650669642858 0.1361142113095238 0.7772739955357143 0.1361142113095238 0.7772739955357143 0.2744605654761905 0.6377650669642858 0.2744605654761905
1 0.8028506324404763 0.12913876488095236 0.9156203497023809 0.12913876488095236 0.9156203497023809 0.22446986607142855 0.8028506324404763 0.22446986607142855
2 0.6517159598214286 0.26981026785714285 0.7377464657738095 0.26981026785714285 0.7377464657738095 0.33956473214285715 0.6517159598214286 0.33956473214285715
2 0.5273204985119048 0.20121837797619047 0.6121884300595238 0.20121837797619047 0.6121884300595238 0.25469680059523814 0.5273204985119048 0.25469680059523814
0 0.27271670386904767 0.29189918154761907 0.37153552827380953 0.29189918154761907 0.37153552827380953 0.36514136904761907 0.27271670386904767 0.36514136904761907
1 0.20761253720238096 0.7115885416666666 0.32503255208333337 0.7115885416666666 0.32503255208333337 0.8720238095238095 0.20761253720238096 0.8720238095238095
0 0.21226283482142858 0.7127511160714286 0.32503255208333337 0.7127511160714286 0.32503255208333337 0.8778366815476191 0.21226283482142858 0.8778366815476191
1 0.38897414434523814 0.8592354910714286 0.4668666294642857 0.8592354910714286 0.4668666294642857 0.9371279761904762 0.38897414434523814 0.9371279761904762
1 0.41687593005952384 0.79296875 0.48198009672619047 0.79296875 0.48198009672619047 0.8569103422619048 0.41687593005952384 0.8569103422619048
1 0.8284272693452381 0.6255580357142857 0.9609607514880953 0.6255580357142857 0.9609607514880953 0.7569289434523809 0.8284272693452381 0.7569289434523809
