1 0.8830682663690477 0.7046130952380952 0.9970005580357144 0.7046130952380952 0.9970005580357144 0.8429594494047619 0.8830682663690477 0.8429594494047619
1 0.916782924107143 0.45000930059523814 0.9958379836309523 0.45000930059523814 0.9958379836309523 0.6023065476190476 0.916782924107143 0.6023065476190476
1 0.8412155877976191 0.40118117559523814 0.9725864955357144 0.40118117559523814 0.9725864955357144 0.5395275297619048 0.8412155877976191 0.5395275297619048
0 0.916782924107143 0.14192708333333331 0.9970005580357144 0.14192708333333331 0.9970005580357144 0.3000372023809524 0.916782924107143 0.3000372023809524
0 0.8400530133928572 0.11053757440476189 0.9563104538690477 0.11053757440476189 0.9563104538690477 0.24074590773809523 0.8400530133928572 0.24074590773809523
0 0.7598353794642858 0.07101004464285712 0.8830682663690477 0.07101004464285712 0.8830682663690477 0.20238095238095236 0.7598353794642858 0.20238095238095236
1 0.817964099702381 0.6325334821428571 0.9446847098214286 0.6325334821428571 0.9446847098214286 0.7825055803571428 0.817964099702381 0.7825055803571428
1 0.7377464657738095 0.5918433779761905 0.8633045014880953 0.5918433779761905 0.8633045014880953 0.7348400297619048 0.7377464657738095 0.7348400297619048
1 0.3971121651785715 0.366303943452381 0.5412713913690477 0.366303943452381 0.5412713913690477 0.4895368303571429 0.3971121651785715 0.4895368303571429
0 0.6668294270833334 0.5581287202380952 0.7877371651785715 0.5581287202380952 0.7877371651785715 0.6767113095238095 0.6668294270833334 0.6767113095238095
0 0.5912620907738095 0.4709356398809524 0.7389090401785715 0.4709356398809524 0.7389090401785715 0.6476469494047619 0.5912620907738095 0.6476469494047619
0 0.5180199032738095 0.45814732142857145 0.635439918154762 0.45814732142857145 0.635439918154762 0.6011439732142857 0.5180199032738095 0.6011439732142857
1 0.7586728050595238 0.3511904761904762 0.8900437127976191 0.3511904761904762 0.8900437127976191 0.4930245535714286 0.7586728050595238 0.4930245535714286
1 0.6784551711309524 0.3023623511904762 0.8272646949404763 0.3023623511904762 0.8272646949404763 0.45000930059523814 0.6784551711309524 0.45000930059523814
1 0.6121884300595238 0.26167224702380953 0.7482096354166667 0.26167224702380953 0.7482096354166667 0.41745721726190477 0.6121884300595238 0.41745721726190477
1 0.49709356398809523 0.20238095238095236 0.6528785342261905 0.20238095238095236 0.6528785342261905 0.3221261160714286 0.49709356398809523 0.3221261160714286
1 0.6459030877976191 9.300595238093384e-05 0.7842494419642858 9.300595238093384e-05 0.7842494419642858 0.09309895833333331 0.6459030877976191 0.09309895833333331
1 0.6772925967261905 0.8499348958333334 0.8156389508928572 0.8499348958333334 0.8156389508928572 0.9964192708333334 0.6772925967261905 0.9964192708333334
1 0.6180013020833334 0.8150576636904762 0.7412341889880952 0.8150576636904762 0.7412341889880952 0.9487537202380952 0.6180013020833334 0.9487537202380952
1 0.5412713913690477 0.7569289434523809 0.6575288318452381 0.7569289434523809 0.6575288318452381 0.890625 0.5412713913690477 0.890625
0 0.46221633184523814 0.7150762648809523 0.5807989211309524 0.7150762648809523 0.5807989211309524 0.8464471726190476 0.46221633184523814 0.8464471726190476
1 0.37734840029761907 0.6615978422619048 0.5087193080357143 0.6615978422619048 0.5087193080357143 0.79296875 0.37734840029761907 0.79296875
1 0.2820172991071429 0.6162574404761905 0.44128999255952384 0.6162574404761905 0.44128999255952384 0.8092447916666666 0.2820172991071429 0.8092447916666666
1 0.21110026041666666 0.5813802083333333 0.3633975074404763 0.5813802083333333 0.3633975074404763 0.7290271577380952 0.21110026041666666 0.7290271577380952
0 0.13902064732142858 0.5290643601190476 0.28666759672619047 0.5290643601190476 0.28666759672619047 0.6976376488095238 0.13902064732142858 0.6976376488095238
2 0.0018368675595238082 0.45349702380952384 0.2180757068452381 0.45349702380952384 0.2180757068452381 0.7150762648809523 0.0018368675595238082 0.7150762648809523
