1 0.012594590807174885 0.18206978699551568 0.12119885089686099 0.18206978699551568 0.12119885089686099 0.3143217488789238 0.012594590807174885 0.3143217488789238
1 0.21929302130044842 0.20834501121076232 0.29636701233183854 0.20834501121076232 0.29636701233183854 0.30118413677130046 0.21929302130044842 0.30118413677130046
1 0.19739700112107622 0.2924257286995516 0.2946153307174888 0.2924257286995516 0.2946153307174888 0.3773822869955157 0.19739700112107622 0.3773822869955157
1 0.19652116031390135 0.3975266255605381 0.2700917881165919 0.3975266255605381 0.2700917881165919 0.4894899103139013 0.19652116031390135 0.4894899103139013
1 0.1422190302690583 0.49649663677130046 0.2622092208520179 0.49649663677130046 0.2622092208520179 0.5945908071748879 0.1422190302690583 0.5945908071748879
1 0.16236336883408073 0.5919632847533632 0.24206488228699552 0.5919632847533632 0.24206488228699552 0.6830507286995515 0.16236336883408073 0.6830507286995515
1 0.011718749999999997 0.7706348094170403 0.13258478139013452 0.7706348094170403 0.13258478139013452 0.890625 0.011718749999999997 0.890625
1 0.08353769618834081 0.8117993273542601 0.22454806614349776 0.8117993273542601 0.22454806614349776 0.9545613789237668 0.08353769618834081 0.9545613789237668
0 0.2937394899103139 0.8766115470852018 0.4356257006726457 0.8766115470852018 0.4356257006726457 0.9974775784753364 0.2937394899103139 0.9974775784753364
1 0.34015905269058294 0.7758898542600897 0.4242397701793722 0.7758898542600897 0.4242397701793722 0.8766115470852018 0.34015905269058294 0.8766115470852018
1 0.33227648542600896 0.6777956838565022 0.42774313340807174 0.6777956838565022 0.42774313340807174 0.7715106502242153 0.33227648542600896 0.7715106502242153
1 0.3392832118834081 0.6199901905829597 0.4382532230941704 0.6199901905829597 0.4382532230941704 0.6812990470852018 0.3392832118834081 0.6812990470852018
1 0.3673101177130045 0.5148892937219731 0.46190092488789236 0.5148892937219731 0.46190092488789236 0.608604260089686 0.3673101177130045 0.608604260089686
1 0.3892061378923767 0.43869114349775784 0.46365260650224216 0.43869114349775784 0.46365260650224216 0.5140134529147982 0.3892061378923767 0.5140134529147982
1 0.3883302970852018 0.3476036995515695 0.46452844730941706 0.3476036995515695 0.46452844730941706 0.4430703475336323 0.3883302970852018 0.4430703475336323
1 0.4111021580717489 0.2521370515695067 0.5126996917040358 0.2521370515695067 0.5126996917040358 0.35198290358744394 0.4111021580717489 0.35198290358744394
1 0.7316598934977578 0.25739209641255606 0.7955962724215246 0.25739209641255606 0.7955962724215246 0.37125140134529144 0.7316598934977578 0.37125140134529144
1 0.7885895459641256 0.26615050448430494 0.8639118553811659 0.26615050448430494 0.8639118553811659 0.37125140134529144 0.7885895459641256 0.37125140134529144
1 0.8534017656950673 0.2924257286995516 0.9129589405829597 0.2924257286995516 0.9129589405829597 0.3922715807174888 0.8534017656950673 0.3922715807174888
1 0.902448850896861 0.3038116591928251 0.9760194786995515 0.3038116591928251 0.9760194786995515 0.4010299887892377 0.902448850896861 0.4010299887892377
1 0.6791094450672646 0.24688200672645738 0.7447975056053812 0.24688200672645738 0.7447975056053812 0.3335902466367713 0.6791094450672646 0.3335902466367713
1 0.5433541199551569 0.5140134529147982 0.6396966087443946 0.5140134529147982 0.6396966087443946 0.5954666479820627 0.5433541199551569 0.5954666479820627
1 0.519706418161435 0.5884599215246636 0.6283106782511211 0.5884599215246636 0.6283106782511211 0.7084501121076233 0.519706418161435 0.7084501121076233
1 0.5065688060538117 0.703195067264574 0.6072904988789237 0.703195067264574 0.6072904988789237 0.7688831278026905 0.5065688060538117 0.7688831278026905
1 0.4899278307174888 0.7557455156950672 0.5967804091928252 0.7557455156950672 0.5967804091928252 0.8240610986547086 0.4899278307174888 0.8240610986547086
1 0.4820452634529148 0.8109234865470852 0.5871461603139013 0.8109234865470852 0.5871461603139013 0.9081418161434978 0.4820452634529148 0.9081418161434978
1 0.7570592769058296 0.5849565582959642 0.8901870795964125 0.5849565582959642 0.8901870795964125 0.8661014573991032 0.7570592769058296 0.8661014573991032
1 0.44175658632286996 0.09711322869955157 0.5599950952914798 0.09711322869955157 0.5599950952914798 0.21535173766816143 0.44175658632286996 0.21535173766816143
1 0.6747302410313901 0.10587163677130045 0.7483008688340808 0.10587163677130045 0.7483008688340808 0.19871076233183854 0.6747302410313901 0.19871076233183854
1 0.6002837724215246 0.0883548206278027 0.659840947309417 0.0883548206278027 0.659840947309417 0.179442264573991 0.6002837724215246 0.179442264573991
1 0.8385124719730942 0.14090526905829595 0.8936904428251121 0.14090526905829595 0.8936904428251121 0.23111687219730942 0.8385124719730942 0.23111687219730942
1 0.7553075952914798 0.11900924887892377 0.840264153587444 0.11900924887892377 0.840264153587444 0.22060678251121074 0.7553075952914798 0.22060678251121074
1 0.9085797365470852 0.15579456278026904 0.9760194786995515 0.15579456278026904 0.9760194786995515 0.2679021860986547 0.9085797365470852 0.2679021860986547
1 0.3384073710762332 0.02354260089686098 0.44876331278026904 0.02354260089686098 0.44876331278026904 0.13915358744394618 0.3384073710762332 0.13915358744394618
1 0.00033281950672645337 0.4343119394618834 0.10368203475336323 0.4343119394618834 0.10368203475336323 0.5753223094170403 0.00033281950672645337 0.5753223094170403
