1 0.1692475818452381 0.0012555803571428388 0.30178106398809523 0.0012555803571428388 0.30178106398809523 0.12913876488095236 0.1692475818452381 0.12913876488095236
1 0.12041945684523811 0.07449776785714284 0.22853887648809526 0.07449776785714284 0.22853887648809526 0.1884300595238095 0.12041945684523811 0.1884300595238095
1 0.07159133184523808 0.14308965773809523 0.18784877232142858 0.14308965773809523 0.18784877232142858 0.26515997023809523 0.07159133184523808 0.26515997023809523
1 0.0 0.21144780897556392 0.12506975446428573 0.21144780897556392 0.12506975446428573 0.40234375 0.0 0.40234375
1 0.02508835565476189 0.8743489583333334 0.1518089657738095 0.8743489583333334 0.1518089657738095 0.9871186755952381 0.02508835565476189 0.9871186755952381
1 0.07042875744047619 0.7360026041666666 0.25876581101190477 0.7360026041666666 0.25876581101190477 0.9266648065476191 0.07042875744047619 0.9266648065476191
1 0.1715727306547619 0.6522972470238095 0.31573195684523814 0.6522972470238095 0.31573195684523814 0.7859933035714286 0.1715727306547619 0.7859933035714286
1 0.2378394717261905 0.5848679315476191 0.366885230654762 0.5848679315476191 0.366885230654762 0.7092633928571428 0.2378394717261905 0.7092633928571428
1 0.2820172991071429 0.5209263392857143 0.40525018601190477 0.5209263392857143 0.40525018601190477 0.6383463541666666 0.2820172991071429 0.6383463541666666
1 0.7493722098214286 0.004743303571428553 0.8621419270833335 0.004743303571428553 0.8621419270833335 0.10007440476190474 0.7493722098214286 0.10007440476190474
1 0.3971121651785715 0.051246279761904746 0.5098818824404763 0.051246279761904746 0.5098818824404763 0.1640159970238095 0.3971121651785715 0.1640159970238095
1 0.32154482886904767 0.13030133928571427 0.45524088541666674 0.13030133928571427 0.45524088541666674 0.25469680059523814 0.32154482886904767 0.25469680059523814
1 0.7144949776785715 0.2512090773809524 0.8505161830357144 0.2512090773809524 0.8505161830357144 0.38606770833333337 0.7144949776785715 0.38606770833333337
1 0.43082682291666674 0.3000372023809524 0.5714983258928572 0.3000372023809524 0.5714983258928572 0.42559523809523814 0.43082682291666674 0.42559523809523814
1 0.3796735491071429 0.3744419642857143 0.5145321800595238 0.3744419642857143 0.5145321800595238 0.5046502976190476 0.3796735491071429 0.5046502976190476
1 0.29015531994047616 0.19773065476190474 0.39478701636904767 0.19773065476190474 0.39478701636904767 0.3023623511904762 0.29015531994047616 0.3023623511904762
1 0.5761486235119048 0.10937499999999999 0.7179827008928572 0.10937499999999999 0.7179827008928572 0.23958333333333331 0.5761486235119048 0.23958333333333331
1 0.537783668154762 0.16982886904761904 0.6610165550595238 0.16982886904761904 0.6610165550595238 0.2802734375 0.537783668154762 0.2802734375
1 0.3238699776785714 0.8731863839285714 0.42268880208333337 0.8731863839285714 0.42268880208333337 0.9789806547619048 0.3238699776785714 0.9789806547619048
1 0.028576078869047616 0.548828125 0.14948381696428573 0.548828125 0.14948381696428573 0.6732235863095238 0.028576078869047616 0.6732235863095238
1 0.0 0.6183261522006639 0.12041945684523811 0.6183261522006639 0.12041945684523811 0.841796875 0.0 0.841796875
1 0.08089192708333331 0.4755859375 0.1994745163690476 0.4755859375 0.1994745163690476 0.5941685267857143 0.08089192708333331 0.5941685267857143
1 0.1308826264880952 0.40931919642857145 0.25992838541666663 0.40931919642857145 0.25992838541666663 0.5302269345238095 0.1308826264880952 0.5302269345238095
1 0.1936616443452381 0.33607700892857145 0.3064313616071429 0.33607700892857145 0.3064313616071429 0.4465215773809524 0.1936616443452381 0.4465215773809524
1 0.22737630208333334 0.268647693452381 0.3517717633928572 0.268647693452381 0.3517717633928572 0.3732793898809524 0.22737630208333334 0.3732793898809524
1 0.6691545758928572 0.3465401785714286 0.7888997395833334 0.3465401785714286 0.7888997395833334 0.48139880952380953 0.6691545758928572 0.48139880952380953
1 0.8516787574404763 0.11635044642857141 0.97607421875 0.11635044642857141 0.97607421875 0.22679501488095236 0.8516787574404763 0.22679501488095236
1 0.573823474702381 0.8371465773809523 0.6784551711309524 0.8371465773809523 0.6784551711309524 0.9452659970238095 0.573823474702381 0.9452659970238095
1 0.35409691220238093 0.7848307291666666 0.4738420758928572 0.7848307291666666 0.4738420758928572 0.8952752976190476 0.35409691220238093 0.8952752976190476
1 0.34363374255952384 0.4453590029761905 0.46919177827380953 0.4453590029761905 0.46919177827380953 0.5685918898809523 0.34363374255952384 0.5685918898809523
1 0.4912806919642857 0.5523158482142857 0.6180013020833334 0.5523158482142857 0.6180013020833334 0.6871744791666666 0.4912806919642857 0.6871744791666666
1 0.7168201264880952 0.6232328869047619 0.8667922247023809 0.6232328869047619 0.8667922247023809 0.7487909226190476 0.7168201264880952 0.7487909226190476
1 0.8726050967261905 0.4069940476190476 0.998046875 0.4069940476190476 0.998046875 0.5365152333163956 0.8726050967261905 0.5365152333163956
1 0.38083612351190477 0.6964750744047619 0.5354585193452381 0.6964750744047619 0.5354585193452381 0.8371465773809523 0.38083612351190477 0.8371465773809523
1 0.433874019058296 0.6164868273542601 0.5757602298206278 0.6164868273542601 0.5757602298206278 0.758373038116592 0.433874019058296 0.758373038116592
1 0.5810152746636771 0.5166409753363229 0.6887436939461884 0.5166409753363229 0.6887436939461884 0.6164868273542601 0.5810152746636771 0.6164868273542601
1 0.620428110986547 0.4421945067264574 0.7421699831838565 0.4421945067264574 0.7421699831838565 0.5499229260089686 0.620428110986547 0.5499229260089686
1 0.8174922926008968 0.47985566143497754 0.9541234585201793 0.47985566143497754 0.9541234585201793 0.6147351457399103 0.8174922926008968 0.6147351457399103
1 0.7596867993273543 0.5481712443946188 0.8936904428251121 0.5481712443946188 0.8936904428251121 0.6699131165919282 0.7596867993273543 0.6699131165919282
1 0.621303951793722 0.7627522421524664 0.7780794562780269 0.7627522421524664 0.7780794562780269 0.906390134529148 0.621303951793722 0.906390134529148
1 0.6721027186098655 0.6918091367713004 0.7719485706278026 0.6918091367713004 0.7719485706278026 0.7907791479820627 0.6721027186098655 0.7907791479820627
1 0.8350091087443946 0.8074201233183856 0.9549992993273543 0.8074201233183856 0.9549992993273543 0.9256586322869955 0.8350091087443946 0.9256586322869955
1 0.8919387612107623 0.741732062780269 0.9979154988789237 0.741732062780269 0.9979154988789237 0.8520880044843049 0.8919387612107623 0.8520880044843049
1 0.4759143778026906 0.9011350896860987 0.6335657230941704 0.9011350896860987 0.6335657230941704 0.9957258968609866 0.4759143778026906 0.9957258968609866
1 0.777203615470852 0.8731081838565022 0.8919387612107623 0.8731081838565022 0.8919387612107623 0.9957258968609866 0.777203615470852 0.9957258968609866
