0 0.8855738146551725 0.49831627155172414 0.9882812500000001 0.49831627155172414 0.9882812500000001 0.634698275862069 0.8855738146551725 0.634698275862069
0 0.7828663793103449 0.5202047413793104 0.8872575431034483 0.5202047413793104 0.8872575431034483 0.6532192887931034 0.7828663793103449 0.6532192887931034
1 0.6801589439655172 0.5269396551724138 0.7862338362068967 0.5269396551724138 0.7862338362068967 0.6616379310344828 0.6801589439655172 0.6616379310344828
1 0.5858701508620691 0.5791352370689655 0.6969962284482759 0.5791352370689655 0.6969962284482759 0.7222521551724138 0.5858701508620691 0.7222521551724138
1 0.48821390086206895 0.6027074353448276 0.5858701508620691 0.6027074353448276 0.5858701508620691 0.755926724137931 0.48821390086206895 0.755926724137931
1 0.3821390086206896 0.5841864224137931 0.48653017241379315 0.5841864224137931 0.48653017241379315 0.7340382543103449 0.3821390086206896 0.7340382543103449
1 0.3114224137931034 0.5067349137931034 0.43938577586206895 0.5067349137931034 0.43938577586206895 0.6128098060344828 0.3114224137931034 0.6128098060344828
1 0.29458512931034486 0.4259159482758621 0.4259159482758621 0.4259159482758621 0.4259159482758621 0.5101023706896551 0.29458512931034486 0.5101023706896551
1 0.31984105603448276 0.31984105603448276 0.48989762931034486 0.31984105603448276 0.48989762931034486 0.4680091594827586 0.31984105603448276 0.4680091594827586
0 0.451171875 0.20703124999999997 0.562297952586207 0.20703124999999997 0.562297952586207 0.3838227370689655 0.451171875 0.3838227370689655
0 0.5521955818965517 0.25080818965517243 0.633014547413793 0.25080818965517243 0.633014547413793 0.39224137931034486 0.5521955818965517 0.39224137931034486
1 0.6296470905172414 0.21376616379310343 0.730670797413793 0.21376616379310343 0.730670797413793 0.4090786637931035 0.6296470905172414 0.4090786637931035
1 0.8998245018115942 0.26576653079710144 0.9904042119565217 0.26576653079710144 0.9904042119565217 0.4356034873188406 0.8998245018115942 0.4356034873188406
1 0.8035835597826086 0.24736752717391305 0.9040704257246377 0.24736752717391305 0.9040704257246377 0.40446671195652173 0.8035835597826086 0.40446671195652173
1 0.7342334692028987 0.2742583786231884 0.8092447916666667 0.2742583786231884 0.8092447916666667 0.4115432518115942 0.7342334692028987 0.4115432518115942
