1 0.29023612668161436 0.0016465807174887853 0.41986056614349776 0.0016465807174887853 0.41986056614349776 0.11025084080717489 0.29023612668161436 0.11025084080717489
1 0.24731992713004483 0.06470711883408072 0.36555843609865474 0.06470711883408072 0.36555843609865474 0.16280128923766815 0.24731992713004483 0.16280128923766815
1 0.5109480100896862 0.034052690582959635 0.6248073150224215 0.034052690582959635 0.6248073150224215 0.13915358744394618 0.5109480100896862 0.13915358744394618
1 0.7912170683856502 0.0051499439461883375 0.9120830997757847 0.0051499439461883375 0.9120830997757847 0.11025084080717489 0.7912170683856502 0.11025084080717489
1 0.6668476737668162 0.16104960762331838 0.7815828195067265 0.16104960762331838 0.7815828195067265 0.2670263452914798 0.6668476737668162 0.2670263452914798
1 0.4540183576233184 0.11287836322869955 0.5722568665919282 0.11287836322869955 0.5722568665919282 0.21535173766816143 0.4540183576233184 0.21535173766816143
1 0.39708870515695066 0.17681474215246637 0.4978103979820628 0.17681474215246637 0.4978103979820628 0.2714055493273542 0.39708870515695066 0.2714055493273542
1 0.2061554091928251 0.13827774663677128 0.30950462443946186 0.13827774663677128 0.30950462443946186 0.2389994394618834 0.2061554091928251 0.2389994394618834
1 0.16236336883408073 0.20659332959641255 0.2490716087443946 0.20659332959641255 0.2490716087443946 0.27841227578475336 0.16236336883408073 0.27841227578475336
1 0.10543371636771301 0.2696538677130045 0.21141045403587444 0.2696538677130045 0.21141045403587444 0.3765064461883408 0.10543371636771301 0.3765064461883408
1 0.047628223094170405 0.34322449551569506 0.13959150784753363 0.34322449551569506 0.13959150784753363 0.4325602578475336 0.047628223094170405 0.4325602578475336
1 0.029235566143497753 0.46233884529147984 0.15360496076233185 0.46233884529147984 0.15360496076233185 0.5735706278026905 0.029235566143497753 0.5735706278026905
1 0.11594380605381166 0.5350336322869955 0.21053461322869954 0.5350336322869955 0.21053461322869954 0.6296244394618834 0.11594380605381166 0.6296244394618834
1 0.18776275224215247 0.5691914237668161 0.29636701233183854 0.5691914237668161 0.29636701233183854 0.671664798206278 0.18776275224215247 0.671664798206278
1 0.24556824551569506 0.38701653587443946 0.3918336603139013 0.38701653587443946 0.3918336603139013 0.5 0.24556824551569506 0.5
1 0.3077529428251121 0.3143217488789238 0.40584711322869954 0.3143217488789238 0.40584711322869954 0.4045333520179372 0.3077529428251121 0.4045333520179372
1 0.3603033912556054 0.2460061659192825 0.4741626961883408 0.2460061659192825 0.4741626961883408 0.35285874439461884 0.3603033912556054 0.35285874439461884
1 0.6300623598654709 0.2328685538116592 0.7404183015695067 0.2328685538116592 0.7404183015695067 0.3388452914798206 0.6300623598654709 0.3388452914798206
1 0.5608709360986547 0.28541900224215244 0.6922470571748879 0.28541900224215244 0.6922470571748879 0.40978839686098656 0.5608709360986547 0.40978839686098656
1 0.5337198710762332 0.3703755605381166 0.6396966087443946 0.3703755605381166 0.6396966087443946 0.4710972533632287 0.5337198710762332 0.4710972533632287
1 0.4671559697309417 0.43168441704035876 0.5924012051569507 0.43168441704035876 0.5924012051569507 0.5481712443946188 0.4671559697309417 0.5481712443946188
1 0.40497127242152464 0.5105100896860987 0.5328440302690582 0.5105100896860987 0.5328440302690582 0.609480100896861 0.40497127242152464 0.609480100896861
1 0.44175658632286996 0.7461112668161435 0.5407265975336323 0.7461112668161435 0.5407265975336323 0.8818665919282511 0.44175658632286996 0.8818665919282511
1 0.2832294002242152 0.6515204596412556 0.4329981782511211 0.6515204596412556 0.4329981782511211 0.8153026905829597 0.2832294002242152 0.8153026905829597
1 0.6633443105381166 0.8424537556053812 0.7588109585201793 0.8424537556053812 0.7588109585201793 0.9352928811659192 0.6633443105381166 0.9352928811659192
1 0.6379449271300448 0.4886140695067264 0.7824586603139013 0.4886140695067264 0.7824586603139013 0.6655339125560538 0.6379449271300448 0.6655339125560538
1 0.7334115751121076 0.41504344170403584 0.8341332679372198 0.41504344170403584 0.8341332679372198 0.5096342488789237 0.7334115751121076 0.5096342488789237
1 0.7824586603139013 0.34410033632286996 0.894566283632287 0.34410033632286996 0.894566283632287 0.4483253923766816 0.7824586603139013 0.4483253923766816
1 0.8884353979820628 0.30994254484304934 0.9926604540358744 0.30994254484304934 0.9926604540358744 0.39577494394618834 0.8884353979820628 0.39577494394618834
1 0.8490225616591929 0.6156109865470852 0.9602543441704036 0.6156109865470852 0.9602543441704036 0.7259669282511211 0.8490225616591929 0.7259669282511211
1 0.745673346412556 0.7399803811659192 0.8315057455156951 0.7399803811659192 0.8315057455156951 0.8371987107623319 0.745673346412556 0.8371987107623319
1 0.34278657511210764 0.8879974775784754 0.45226667600896864 0.8879974775784754 0.45226667600896864 0.9957258968609866 0.34278657511210764 0.9957258968609866
1 0.1203230100896861 0.8625980941704036 0.2508232903587444 0.8625980941704036 0.2508232903587444 0.9852158071748879 0.1203230100896861 0.9852158071748879
1 0.25695417600896864 0.867853139013453 0.33490400784753366 0.867853139013453 0.33490400784753366 0.9580647421524664 0.25695417600896864 0.9580647421524664
1 0.02748388452914798 0.7723864910313901 0.13959150784753363 0.7723864910313901 0.13959150784753363 0.8704806614349776 0.02748388452914798 0.8704806614349776
1 0.014346272421524659 0.687429932735426 0.12820557735426008 0.687429932735426 0.12820557735426008 0.7750140134529148 0.014346272421524659 0.7750140134529148
1 0.2919878082959641 0.6506446188340808 0.45139083520179374 0.6506446188340808 0.45139083520179374 0.8074201233183856 0.2919878082959641 0.8074201233183856
0 0.5407265975336323 0.7066984304932735 0.6475791760089686 0.7066984304932735 0.6475791760089686 0.8065442825112108 0.5407265975336323 0.8065442825112108
1 0.5880220011210763 0.6305002802690582 0.6773577634529148 0.6305002802690582 0.6773577634529148 0.7285944506726457 0.5880220011210763 0.7285944506726457
1 0.005587864349775781 0.0804722533632287 0.08879274103139013 0.0804722533632287 0.08879274103139013 0.18469730941704035 0.005587864349775781 0.18469730941704035
