2 0.537783668154762 0.2512090773809524 0.9365466889880953 0.2512090773809524 0.9365466889880953 0.6778738839285714 0.537783668154762 0.6778738839285714
2 0.28434244791666663 0.8615606398809523 0.36804780505952384 0.8615606398809523 0.36804780505952384 0.9871186755952381 0.28434244791666663 0.9871186755952381
1 0.8284272693452381 0.0872860863095238 0.9586356026785714 0.0872860863095238 0.9586356026785714 0.20005580357142855 0.8284272693452381 0.20005580357142855
1 0.7679734002976191 0.0035807291666666483 0.8819056919642858 0.0035807291666666483 0.8819056919642858 0.1349516369047619 0.7679734002976191 0.1349516369047619
1 0.5401088169642857 0.08263578869047618 0.611025855654762 0.08263578869047618 0.611025855654762 0.17099144345238093 0.5401088169642857 0.17099144345238093
1 0.4843052455357143 0.06752232142857141 0.5528971354166667 0.06752232142857141 0.5528971354166667 0.16750372023809523 0.4843052455357143 0.16750372023809523
1 0.34595889136904767 0.13843936011904762 0.44361514136904767 0.13843936011904762 0.44361514136904767 0.2105189732142857 0.34595889136904767 0.2105189732142857
2 0.1518089657738095 0.0012555803571428388 0.29248046875 0.0012555803571428388 0.29248046875 0.15471540178571427 0.1518089657738095 0.15471540178571427
2 0.3099190848214286 0.4209449404761905 0.40990048363095244 0.4209449404761905 0.40990048363095244 0.5302269345238095 0.3099190848214286 0.5302269345238095
2 0.43315197172619047 0.48139880952380953 0.5180199032738095 0.48139880952380953 0.5180199032738095 0.5837053571428571 0.43315197172619047 0.5837053571428571
2 0.3878115699404763 0.6092819940476191 0.4773297991071429 0.6092819940476191 0.4773297991071429 0.8092447916666666 0.3878115699404763 0.8092447916666666
1 0.30875651041666663 0.07101004464285712 0.38548642113095244 0.07101004464285712 0.38548642113095244 0.14192708333333331 0.30875651041666663 0.14192708333333331
