1 0.7929687500000001 0.6902613146551725 0.9141971982758622 0.6902613146551725 0.9141971982758622 0.7778151939655172 0.7929687500000001 0.7778151939655172
1 0.8114897629310346 0.6330145474137931 0.9394531250000001 0.6330145474137931 0.9394531250000001 0.708782327586207 0.8114897629310346 0.708782327586207
1 0.8148572198275862 0.5690328663793104 0.9596578663793104 0.5690328663793104 0.9596578663793104 0.6363820043103449 0.8148572198275862 0.6363820043103449
1 0.8249595905172414 0.5033674568965517 0.9630253232758622 0.5033674568965517 0.9630253232758622 0.5740840517241379 0.8249595905172414 0.5740840517241379
1 0.574084051724138 0.8855738146551725 0.6479469570252188 0.8855738146551725 0.6479469570252188 0.998046875 0.574084051724138 0.998046875
1 0.596271054964539 0.6759197695035462 0.6683011968085106 0.6759197695035462 0.6683011968085106 0.7784242021276596 0.596271054964539 0.7784242021276596
1 0.5242409131205674 0.6579122340425533 0.590730274822695 0.6579122340425533 0.590730274822695 0.7756538120567377 0.5242409131205674 0.7756538120567377
1 0.41619570035460995 0.8740026595744681 0.48268506205673767 0.8740026595744681 0.48268506205673767 0.9654255319148937 0.41619570035460995 0.9654255319148937
1 0.33723958333333337 0.8366023936170214 0.4120401152482269 0.8366023936170214 0.4120401152482269 0.9598847517730497 0.33723958333333337 0.9598847517730497
1 0.2264239804964539 0.8033577127659575 0.30953568262411346 0.8033577127659575 0.30953568262411346 0.9501883865248227 0.2264239804964539 0.9501883865248227
1 0.1350011081560284 0.8255208333333334 0.23473515070921985 0.8255208333333334 0.23473515070921985 0.9224844858156029 0.1350011081560284 0.9224844858156029
1 0.06020057624113473 0.8172096631205674 0.12668993794326244 0.8172096631205674 0.12668993794326244 0.9307956560283689 0.06020057624113473 0.9307956560283689
1 0.4300476507092199 0.6412898936170213 0.5131593528368794 0.6412898936170213 0.5131593528368794 0.7659574468085106 0.4300476507092199 0.7659574468085106
1 0.3303136081560284 0.6357491134751774 0.4120401152482269 0.6357491134751774 0.4120401152482269 0.7244015957446809 0.3303136081560284 0.7244015957446809
1 0.24858710106382975 0.6205119680851064 0.30399490248226957 0.6205119680851064 0.30399490248226957 0.7410239361702128 0.24858710106382975 0.7410239361702128
2 0.14746786347517732 0.6080452127659575 0.24443151595744683 0.6080452127659575 0.24443151595744683 0.7188608156028369 0.14746786347517732 0.7188608156028369
1 0.014489140070922002 0.5817265070921986 0.06574135638297873 0.5817265070921986 0.06574135638297873 0.702238475177305 0.014489140070922002 0.702238475177305
1 0.7569536790780141 0.8601507092198583 0.8248282358156028 0.8601507092198583 0.8248282358156028 0.9917442375886525 0.7569536790780141 0.9917442375886525
1 0.8372949911347519 0.8712322695035462 0.8733100620567377 0.8712322695035462 0.8733100620567377 0.9945146276595745 0.8372949911347519 0.9945146276595745
1 0.050504210992907805 0.35316932624113473 0.13915669326241137 0.35316932624113473 0.13915669326241137 0.48614804964539005 0.050504210992907805 0.48614804964539005
1 0.13777149822695034 0.38502881205673756 0.2236535904255319 0.38502881205673756 0.2236535904255319 0.494459219858156 0.13777149822695034 0.494459219858156
1 0.22503878546099293 0.3988807624113475 0.28737256205673756 0.3988807624113475 0.28737256205673756 0.49861480496453897 0.22503878546099293 0.49861480496453897
1 0.15993461879432624 0.17724955673758863 0.19733488475177308 0.17724955673758863 0.19733488475177308 0.2534352836879432 0.15993461879432624 0.2534352836879432
1 0.45498116134751776 0.42519946808510634 0.5256261081560284 0.42519946808510634 0.5256261081560284 0.5304742907801419 0.45498116134751776 0.5304742907801419
2 0.7361757535460993 0.23404255319148934 0.8483765514184397 0.23404255319148934 0.8483765514184397 0.4362810283687943 0.7361757535460993 0.4362810283687943
1 0.2236535904255319 0.18971631205673758 0.2901429521276596 0.18971631205673758 0.2901429521276596 0.301917109929078 0.2236535904255319 0.301917109929078
1 0.3136912677304965 0.18001994680851063 0.3857214095744681 0.18001994680851063 0.3857214095744681 0.2755984042553191 0.3136912677304965 0.2755984042553191
1 0.4868406471631206 0.2035682624113475 0.5574855939716312 0.2035682624113475 0.5574855939716312 0.35316932624113473 0.4868406471631206 0.35316932624113473
1 0.5754931294326241 0.21187943262411346 0.6447528812056738 0.21187943262411346 0.6447528812056738 0.34624335106382975 0.5754931294326241 0.34624335106382975
2 0.8553025265957447 0.2742132092198581 0.9231770833333334 0.2742132092198581 0.9231770833333334 0.38641400709219853 0.8553025265957447 0.38641400709219853
1 0.46563946759259256 0.006293402777777811 0.5614872685185186 0.006293402777777811 0.5614872685185186 0.10033275462962965 0.46563946759259256 0.10033275462962965
1 0.6645688657407407 0.04427083333333336 0.8038194444444444 0.04427083333333336 0.8038194444444444 0.15096932870370372 0.6645688657407407 0.15096932870370372
1 0.38249761710239644 1.3877787807814457e-17 0.45298032407407407 1.3877787807814457e-17 0.45298032407407407 0.08767361111111113 0.38249761710239644 0.08767361111111113
1 0.29320286195286194 -1.3877787807814457e-17 0.35532407407407407 -1.3877787807814457e-17 0.35532407407407407 0.09490740740740744 0.29320286195286194 0.09490740740740744
1 0.30649594907407407 0.38787615740740744 0.39872685185185186 0.38787615740740744 0.39872685185185186 0.5470196759259259 0.30649594907407407 0.5470196759259259
1 0.6193576388888888 0.39872685185185186 0.720630787037037 0.39872685185185186 0.720630787037037 0.5849971064814814 0.6193576388888888 0.5849971064814814
1 0.7079716435185184 0.47649016203703703 0.8056278935185184 0.47649016203703703 0.8056278935185184 0.5705295138888888 0.7079716435185184 0.5705295138888888
