1 0.015086206896551713 0.22555226293103445 0.12116109913793105 0.22555226293103445 0.12116109913793105 0.43601831896551724 0.015086206896551713 0.43601831896551724
1 0.02518857758620685 0.5016837284482759 0.1834590517241379 0.5016837284482759 0.1834590517241379 0.611126077586207 0.02518857758620685 0.611126077586207
1 0.013402478448275856 0.6010237068965517 0.1800915948275862 0.6010237068965517 0.1800915948275862 0.7003636853448276 0.013402478448275856 0.7003636853448276
1 0.018453663793103425 0.6986799568965517 0.1784078663793104 0.6986799568965517 0.1784078663793104 0.7862338362068966 0.018453663793103425 0.7862338362068966
1 0.02013739224137928 0.7879175646551725 0.1800915948275862 0.7879175646551725 0.1800915948275862 0.8973599137931035 0.02013739224137928 0.8973599137931035
1 0.023504849137930994 0.902411099137931 0.1834590517241379 0.902411099137931 0.1834590517241379 0.9966998922413793 0.023504849137930994 0.9966998922413793
1 0.24070581896551724 0.671740301724138 0.3551993534482759 0.671740301724138 0.3551993534482759 0.8215921336206897 0.24070581896551724 0.8215921336206897
1 0.36866918103448276 0.6818426724137931 0.4545393318965517 0.6818426724137931 0.4545393318965517 0.8367456896551725 0.36866918103448276 0.8367456896551725
1 0.46464170258620696 0.6936287715517242 0.5572467672413793 0.6936287715517242 0.5572467672413793 0.8232758620689655 0.46464170258620696 0.8232758620689655
1 0.24744073275862066 0.8384294181034483 0.3585668103448276 0.8384294181034483 0.3585668103448276 0.9950161637931035 0.24744073275862066 0.9950161637931035
1 0.3720366379310345 0.8485317887931035 0.4494881465517242 0.8485317887931035 0.4494881465517242 0.9966998922413793 0.3720366379310345 0.9966998922413793
1 0.23902209051724133 0.39055765086206895 0.3754040948275862 0.39055765086206895 0.3754040948275862 0.611126077586207 0.23902209051724133 0.611126077586207
1 0.3720366379310345 0.43096713362068967 0.4680091594827587 0.43096713362068967 0.4680091594827587 0.6195447198275862 0.3720366379310345 0.6195447198275862
1 0.4730603448275862 0.4814789870689655 0.5892376077586207 0.4814789870689655 0.5892376077586207 0.6144935344827587 0.4730603448275862 0.6144935344827587
