1 0.0016163793103448065 0.04876077586206893 0.14136584051724133 0.04876077586206893 0.14136584051724133 0.20871497844827583 0.0016163793103448065 0.20871497844827583
1 0.008351293103448232 0.21713362068965514 0.1784078663793104 0.21713362068965514 0.1784078663793104 0.40066002155172414 0.008351293103448232 0.40066002155172414
1 0.010035021551724144 0.39224137931034486 0.19692887931034486 0.39224137931034486 0.19692887931034486 0.5218884698275862 0.010035021551724144 0.5218884698275862
1 0.03192349137931033 0.48989762931034486 0.18851023706896552 0.48989762931034486 0.18851023706896552 0.5774515086206897 0.03192349137931033 0.5774515086206897
1 0.04034213362068961 0.5774515086206897 0.2103987068965517 0.5774515086206897 0.2103987068965517 0.658270474137931 0.04034213362068961 0.658270474137931
1 0.047077047413793094 0.6565867456896552 0.19692887931034486 0.6565867456896552 0.19692887931034486 0.7508755387931035 0.047077047413793094 0.7508755387931035
1 0.062230603448275856 0.7491918103448276 0.1868265086206896 0.7491918103448276 0.1868265086206896 0.8367456896551725 0.062230603448275856 0.8367456896551725
1 0.07906788793103448 0.8451643318965517 0.19356142241379315 0.8451643318965517 0.19356142241379315 0.9192483836206897 0.07906788793103448 0.9192483836206897
0 0.2541756465517241 0.5572467672413793 0.3602505387931034 0.5572467672413793 0.3602505387931034 0.6666891163793104 0.2541756465517241 0.6666891163793104
0 0.2356546336206896 0.4191810344827586 0.3501481681034483 0.4191810344827586 0.3501481681034483 0.5505118534482759 0.2356546336206896 0.5505118534482759
0 0.2322871767241379 0.3366783405172414 0.36530172413793105 0.3366783405172414 0.36530172413793105 0.4208647629310345 0.2322871767241379 0.4208647629310345
0 0.41412984913793105 0.3232085129310345 0.5572467672413793 0.3232085129310345 0.5572467672413793 0.4562230603448276 0.41412984913793105 0.4562230603448276
0 0.39224137931034486 0.4545393318965517 0.5404094827586207 0.4545393318965517 0.5404094827586207 0.5336745689655172 0.39224137931034486 0.5336745689655172
0 0.38719019396551724 0.5336745689655172 0.5252559267241379 0.5336745689655172 0.5252559267241379 0.6414331896551725 0.38719019396551724 0.6414331896551725
1 0.23733836206896552 0.1379983836206896 0.36193426724137934 0.1379983836206896 0.36193426724137934 0.25754310344827586 0.23733836206896552 0.25754310344827586
1 0.36530172413793105 0.169989224137931 0.4309671336206896 0.169989224137931 0.4309671336206896 0.2827990301724138 0.36530172413793105 0.2827990301724138
