0 0.2272359913793104 0.28448275862068967 0.4208647629310345 0.28448275862068967 0.4208647629310345 0.47642780172413796 0.2272359913793104 0.47642780172413796
1 0.3232085129310345 0.0016163793103447933 0.4797952586206896 0.0016163793103447933 0.4797952586206896 0.10769127155172412 0.3232085129310345 0.10769127155172412
1 0.3013200431034483 0.06896551724137928 0.45959051724137934 0.06896551724137928 0.45959051724137934 0.20029633620689652 0.3013200431034483 0.20029633620689652
1 0.26764547413793105 0.18514278017241376 0.43770204741379315 0.18514278017241376 0.43770204741379315 0.3181573275862069 0.26764547413793105 0.3181573275862069
1 0.14810075431034486 0.44948814655172414 0.3063712284482759 0.44948814655172414 0.3063712284482759 0.585870150862069 0.14810075431034486 0.585870150862069
1 0.03865840517241376 0.47642780172413796 0.14978448275862066 0.47642780172413796 0.14978448275862066 0.6448006465517242 0.03865840517241376 0.6448006465517242
1 0.02013739224137928 0.6565867456896552 0.1817753232758621 0.6565867456896552 0.1817753232758621 0.8485317887931035 0.02013739224137928 0.8485317887931035
1 0.14136584051724133 0.6363820043103449 0.2575431034482759 0.6363820043103449 0.2575431034482759 0.8838900862068966 0.14136584051724133 0.8838900862068966
1 0.018453663793103425 0.05886314655172411 0.21376616379310343 0.05886314655172411 0.21376616379310343 0.24238954741379307 0.018453663793103425 0.24238954741379307
1 0.6144935344827586 0.0049838362068965174 0.7929687500000001 0.0049838362068965174 0.7929687500000001 0.14473329741379307 0.6144935344827586 0.14473329741379307
1 0.6027074353448275 0.11442618534482757 0.7727640086206896 0.11442618534482757 0.7727640086206896 0.26427801724137934 0.6027074353448275 0.26427801724137934
1 0.5892376077586207 0.2238685344827586 0.7374057112068967 0.2238685344827586 0.7374057112068967 0.3400457974137931 0.5892376077586207 0.3400457974137931
1 0.5791352370689656 0.30300377155172414 0.7070985991379312 0.30300377155172414 0.7070985991379312 0.4292834051724138 0.5791352370689656 0.4292834051724138
1 0.5387257543103449 0.3888739224137931 0.708782327586207 0.3888739224137931 0.708782327586207 0.5151535560344828 0.5387257543103449 0.5151535560344828
1 0.5016837284482759 0.46632543103448276 0.6380657327586207 0.46632543103448276 0.6380657327586207 0.585870150862069 0.5016837284482759 0.585870150862069
1 0.4730603448275862 0.5471443965517242 0.6060748922413793 0.5471443965517242 0.6060748922413793 0.7475080818965517 0.4730603448275862 0.7475080818965517
1 0.41412984913793105 0.7121497844827587 0.5437769396551725 0.7121497844827587 0.5437769396551725 0.8300107758620691 0.41412984913793105 0.8300107758620691
1 0.3737203663793104 0.7710802801724138 0.5471443965517242 0.7710802801724138 0.5471443965517242 0.9209321120689655 0.3737203663793104 0.9209321120689655
1 0.8013873922413793 0.00666756465517238 0.8939924568965517 0.00666756465517238 0.8939924568965517 0.10937499999999997 0.8013873922413793 0.10937499999999997
1 0.8468480603448275 0.20198006465517238 0.9764951508620691 0.20198006465517238 0.9764951508620691 0.3181573275862069 0.8468480603448275 0.3181573275862069
1 0.7744477370689656 0.3989762931034483 0.9344019396551725 0.3989762931034483 0.9344019396551725 0.5218884698275862 0.7744477370689656 0.5218884698275862
1 0.7626616379310346 0.47642780172413796 0.8939924568965517 0.47642780172413796 0.8939924568965517 0.5841864224137931 0.7626616379310346 0.5841864224137931
1 0.7374057112068967 0.5437769396551725 0.8737877155172414 0.5437769396551725 0.8737877155172414 0.6633216594827587 0.7374057112068967 0.6633216594827587
1 0.7155172413793104 0.6296470905172414 0.8569504310344828 0.6296470905172414 0.8569504310344828 0.7508755387931035 0.7155172413793104 0.7508755387931035
1 0.6835264008620691 0.6969962284482759 0.8401131465517241 0.6969962284482759 0.8401131465517241 0.8569504310344828 0.6835264008620691 0.8569504310344828
1 0.904094827586207 0.5690328663793104 0.998046875 0.5690328663793104 0.998046875 0.6735924030172412 0.904094827586207 0.6735924030172412
1 0.8754714439655172 0.6414331896551725 0.998046875 0.6414331896551725 0.998046875 0.7684930876787217 0.8754714439655172 0.7684930876787217
1 0.8367456896551725 0.7340382543103449 0.9966998922413793 0.7340382543103449 0.9966998922413793 0.8788389008620691 0.8367456896551725 0.8788389008620691
1 0.8165409482758622 0.8451643318965517 0.9916487068965517 0.8451643318965517 0.9916487068965517 0.9360856681034483 0.8165409482758622 0.9360856681034483
