1 0.24744073275862066 0.01508620689655169 0.4444369612068966 0.01508620689655169 0.4444369612068966 0.14136584051724135 0.24744073275862066 0.14136584051724135
1 0.23733836206896552 0.07906788793103446 0.4242322198275862 0.07906788793103446 0.4242322198275862 0.20703124999999997 0.23733836206896552 0.20703124999999997
1 0.2524919181034483 0.18177532327586204 0.36361799568965514 0.18177532327586204 0.36361799568965514 0.3114224137931035 0.2524919181034483 0.3114224137931035
1 0.16493803879310343 0.23397090517241376 0.31647359913793105 0.23397090517241376 0.31647359913793105 0.37877155172413796 0.16493803879310343 0.37877155172413796
1 0.12452855603448276 0.3215247844827586 0.27101293103448276 0.3215247844827586 0.27101293103448276 0.4292834051724138 0.12452855603448276 0.4292834051724138
1 0.10095635775862066 0.3956088362068966 0.24070581896551724 0.3956088362068966 0.24070581896551724 0.5202047413793104 0.10095635775862066 0.5202047413793104
1 0.0369746767241379 0.439385775862069 0.18851023706896552 0.439385775862069 0.18851023706896552 0.6195447198275862 0.0369746767241379 0.6195447198275862
1 0.5252559267241379 0.06559806034482756 0.6128098060344828 0.06559806034482756 0.6128098060344828 0.2238685344827586 0.5252559267241379 0.2238685344827586
1 0.6245959051724138 0.08243534482758619 0.7289870689655172 0.08243534482758619 0.7289870689655172 0.26764547413793105 0.6245959051724138 0.26764547413793105
1 0.7256196120689656 0.16325431034482754 0.8468480603448275 0.16325431034482754 0.8468480603448275 0.3703529094827586 0.7256196120689656 0.3703529094827586
1 0.8535829741379312 0.24912446120689652 0.9731276939655172 0.24912446120689652 0.9731276939655172 0.43096713362068967 0.8535829741379312 0.43096713362068967
1 0.7340382543103449 0.00666756465517238 0.8333782327586207 0.00666756465517238 0.8333782327586207 0.14136584051724135 0.7340382543103449 0.14136584051724135
1 0.828327047413793 0.05044450431034479 0.9242995689655172 0.05044450431034479 0.9242995689655172 0.1868265086206896 0.828327047413793 0.1868265086206896
1 0.8889412715517241 0.10095635775862066 0.9798626077586207 0.10095635775862066 0.9798626077586207 0.2238685344827586 0.8889412715517241 0.2238685344827586
1 0.3956088362068966 0.25754310344827586 0.5387257543103449 0.25754310344827586 0.5387257543103449 0.42759967672413796 0.3956088362068966 0.42759967672413796
1 0.5067349137931034 0.3215247844827586 0.5976562500000001 0.3215247844827586 0.5976562500000001 0.4579067887931035 0.5067349137931034 0.4579067887931035
1 0.574084051724138 0.3703529094827586 0.6565867456896551 0.3703529094827586 0.6565867456896551 0.4831627155172414 0.574084051724138 0.4831627155172414
1 0.6414331896551725 0.4191810344827586 0.7441406250000001 0.4191810344827586 0.7441406250000001 0.5757677801724138 0.6414331896551725 0.5757677801724138
1 0.718884698275862 0.45959051724137934 0.818224676724138 0.45959051724137934 0.818224676724138 0.5959725215517242 0.718884698275862 0.5959725215517242
1 0.7778151939655172 0.5016837284482759 0.8788389008620691 0.5016837284482759 0.8788389008620691 0.6296470905172414 0.7778151939655172 0.6296470905172414
1 0.8485317887931035 0.5303071120689655 0.9428205818965517 0.5303071120689655 0.9428205818965517 0.6936287715517242 0.8485317887931035 0.6936287715517242
1 0.9192483836206896 0.5808189655172414 0.998046875 0.5808189655172414 0.998046875 0.7321120689655175 0.9192483836206896 0.7321120689655175
1 0.3215247844827587 0.39224137931034486 0.4309671336206896 0.39224137931034486 0.4309671336206896 0.5572467672413793 0.3215247844827587 0.5572467672413793
1 0.41749730603448276 0.4478044181034483 0.5303071120689655 0.4478044181034483 0.5303071120689655 0.5942887931034483 0.41749730603448276 0.5942887931034483
1 0.451171875 0.5033674568965517 0.584186422413793 0.5033674568965517 0.584186422413793 0.646484375 0.451171875 0.646484375
1 0.548828125 0.5673491379310345 0.6464843750000001 0.5673491379310345 0.6464843750000001 0.7121497844827587 0.548828125 0.7121497844827587
1 0.6094423491379312 0.59765625 0.6969962284482759 0.59765625 0.6969962284482759 0.755926724137931 0.6094423491379312 0.755926724137931
1 0.6801589439655172 0.6195447198275862 0.8013873922413793 0.6195447198275862 0.8013873922413793 0.7727640086206897 0.6801589439655172 0.7727640086206897
1 0.7542429956896551 0.6515355603448276 0.867052801724138 0.6515355603448276 0.867052801724138 0.8081223060344828 0.7542429956896551 0.8081223060344828
1 0.8215921336206896 0.7155172413793104 0.9310344827586207 0.7155172413793104 0.9310344827586207 0.8653690732758621 0.8215921336206896 0.8653690732758621
1 0.8889412715517241 0.7542429956896552 0.998046875 0.7542429956896552 0.998046875 0.9256946582512312 0.8889412715517241 0.9256946582512312
1 0.060546875 0.8653690732758621 0.2103987068965517 0.8653690732758621 0.2103987068965517 0.9849137931034483 0.060546875 0.9849137931034483
1 0.10432381465517238 0.8030711206896552 0.24070581896551724 0.8030711206896552 0.24070581896551724 0.9276670258620691 0.10432381465517238 0.9276670258620691
1 0.1346309267241379 0.7273033405172414 0.29121767241379315 0.7273033405172414 0.29121767241379315 0.853582974137931 0.1346309267241379 0.853582974137931
1 0.2306034482758621 0.6313308189655172 0.38887392241379315 0.6313308189655172 0.38887392241379315 0.7963362068965517 0.2306034482758621 0.7963362068965517
1 0.3585668103448276 0.7003636853448276 0.4528556034482759 0.7003636853448276 0.4528556034482759 0.8451643318965517 0.3585668103448276 0.8451643318965517
1 0.4326508620689655 0.744140625 0.5404094827586207 0.744140625 0.5404094827586207 0.8973599137931035 0.4326508620689655 0.8973599137931035
1 0.511786099137931 0.7980199353448276 0.5942887931034483 0.7980199353448276 0.5942887931034483 0.9377693965517242 0.511786099137931 0.9377693965517242
1 0.5690328663793104 0.8300107758620691 0.670056573275862 0.8300107758620691 0.670056573275862 0.9781788793103449 0.5690328663793104 0.9781788793103449
1 0.6296470905172414 0.8687365301724138 0.7273033405172414 0.8687365301724138 0.7273033405172414 0.98828125 0.6296470905172414 0.98828125
