1 0.010035021551724144 0.0049838362068965174 0.1598868534482758 0.0049838362068965174 0.1598868534482758 0.13126346982758616 0.010035021551724144 0.13126346982758616
1 0.03360721982758619 0.13126346982758616 0.1598868534482758 0.13126346982758616 0.1598868534482758 0.22555226293103445 0.03360721982758619 0.22555226293103445
1 0.02013739224137928 0.23902209051724135 0.1784078663793104 0.23902209051724135 0.1784078663793104 0.3400457974137931 0.02013739224137928 0.3400457974137931
1 0.02013739224137928 0.36866918103448276 0.17504040948275856 0.36866918103448276 0.17504040948275856 0.4646417025862069 0.02013739224137928 0.4646417025862069
1 0.035290948275862044 0.49494881465517243 0.14136584051724133 0.49494881465517243 0.14136584051724133 0.5757677801724138 0.035290948275862044 0.5757677801724138
1 0.26764547413793105 0.0016163793103447933 0.3585668103448276 0.0016163793103447933 0.3585668103448276 0.07401670258620688 0.26764547413793105 0.07401670258620688
1 0.24407327586206895 0.07906788793103446 0.3737203663793104 0.07906788793103446 0.3737203663793104 0.1834590517241379 0.24407327586206895 0.1834590517241379
1 0.2541756465517241 0.1834590517241379 0.3787715517241379 0.1834590517241379 0.3787715517241379 0.2861664870689655 0.2541756465517241 0.2861664870689655
1 0.2575431034482759 0.2912176724137931 0.36866918103448276 0.2912176724137931 0.36866918103448276 0.37540409482758624 0.2575431034482759 0.37540409482758624
1 0.2575431034482759 0.38213900862068967 0.3737203663793104 0.38213900862068967 0.3737203663793104 0.48653017241379315 0.2575431034482759 0.48653017241379315
1 0.2541756465517241 0.49494881465517243 0.3737203663793104 0.49494881465517243 0.3737203663793104 0.622912176724138 0.2541756465517241 0.622912176724138
1 0.4326508620689655 0.4831627155172414 0.5420932112068966 0.4831627155172414 0.5420932112068966 0.6027074353448276 0.4326508620689655 0.6027074353448276
1 0.4309671336206896 0.3939251077586207 0.5757677801724138 0.3939251077586207 0.5757677801724138 0.48653017241379315 0.4309671336206896 0.48653017241379315
1 0.4208647629310345 0.27101293103448276 0.5673491379310345 0.27101293103448276 0.5673491379310345 0.4073949353448276 0.4208647629310345 0.4073949353448276
1 0.4309671336206896 0.19356142241379307 0.5420932112068966 0.19356142241379307 0.5420932112068966 0.28111530172413796 0.4309671336206896 0.28111530172413796
1 0.4275996767241379 0.09590517241379308 0.5218884698275862 0.09590517241379308 0.5218884698275862 0.16830549568965514 0.4275996767241379 0.16830549568965514
1 0.4225484913793104 0.0033001077586206555 0.5303071120689655 0.0033001077586206555 0.5303071120689655 0.07233297413793101 0.4225484913793104 0.07233297413793101
1 0.6414331896551725 0.0016163793103447933 0.7374057112068967 0.0016163793103447933 0.7374057112068967 0.08411907327586204 0.6414331896551725 0.08411907327586204
1 0.6431169181034483 0.09422144396551722 0.7390894396551725 0.09422144396551722 0.7390894396551725 0.1750404094827586 0.6431169181034483 0.1750404094827586
1 0.6397494612068967 0.20029633620689652 0.7491918103448275 0.20029633620689652 0.7491918103448275 0.2861664870689655 0.6397494612068967 0.2861664870689655
1 0.6448006465517241 0.2962688577586207 0.7475080818965517 0.2962688577586207 0.7475080818965517 0.3855064655172414 0.6448006465517241 0.3855064655172414
1 0.6414331896551725 0.3956088362068966 0.7525592672413793 0.3956088362068966 0.7525592672413793 0.47979525862068967 0.6414331896551725 0.47979525862068967
1 0.6380657327586207 0.4915813577586207 0.7643453663793104 0.4915813577586207 0.7643453663793104 0.6043911637931034 0.6380657327586207 0.6043911637931034
1 0.8013873922413793 0.48653017241379315 0.9057785560344828 0.48653017241379315 0.9057785560344828 0.5959725215517242 0.8013873922413793 0.5959725215517242
1 0.8047548491379312 0.3956088362068966 0.9007273706896551 0.3956088362068966 0.9007273706896551 0.4814789870689655 0.8047548491379312 0.4814789870689655
1 0.8030711206896551 0.2878502155172414 0.9057785560344828 0.2878502155172414 0.9057785560344828 0.38213900862068967 0.8030711206896551 0.38213900862068967
1 0.806438577586207 0.1834590517241379 0.8956761853448277 0.1834590517241379 0.8956761853448277 0.2878502155172414 0.806438577586207 0.2878502155172414
1 0.7946524784482759 0.08580280172413791 0.8956761853448277 0.08580280172413791 0.8956761853448277 0.17167295258620688 0.7946524784482759 0.17167295258620688
1 0.8013873922413793 0.0049838362068965174 0.9074622844827586 0.0049838362068965174 0.9074622844827586 0.07738415948275859 0.8013873922413793 0.07738415948275859
