1 0.8923087284482759 0.6818426724137931 0.998046875 0.6818426724137931 0.998046875 0.8447365738583413 0.8923087284482759 0.8447365738583413
1 0.8316945043103449 0.6498518318965517 0.9209321120689656 0.6498518318965517 0.9209321120689656 0.8266433189655172 0.8316945043103449 0.8266433189655172
1 0.769396551724138 0.6212284482758621 0.8636853448275862 0.6212284482758621 0.8636853448275862 0.7946524784482759 0.769396551724138 0.7946524784482759
1 0.6969962284482759 0.5825026939655172 0.7980199353448275 0.5825026939655172 0.7980199353448275 0.7677128232758621 0.6969962284482759 0.7677128232758621
3 0.6128098060344828 0.5336745689655172 0.7273033405172414 0.5336745689655172 0.7273033405172414 0.7104660560344828 0.6128098060344828 0.7104660560344828
1 0.4528556034482759 0.439385775862069 0.5656654094827587 0.439385775862069 0.5656654094827587 0.6027074353448276 0.4528556034482759 0.6027074353448276
1 0.39392510775862066 0.40066002155172414 0.49158135775862066 0.40066002155172414 0.49158135775862066 0.5505118534482759 0.39392510775862066 0.5505118534482759
1 0.3248922413793104 0.3669854525862069 0.4191810344827587 0.3669854525862069 0.4191810344827587 0.4966325431034483 0.3248922413793104 0.4966325431034483
1 0.26764547413793105 0.3265759698275862 0.36361799568965514 0.3265759698275862 0.36361799568965514 0.47306034482758624 0.26764547413793105 0.47306034482758624
1 0.2036637931034483 0.3080549568965517 0.3030037715517241 0.3080549568965517 0.3030037715517241 0.42759967672413796 0.2036637931034483 0.42759967672413796
1 0.1295797413793104 0.26091056034482757 0.2306034482758621 0.26091056034482757 0.2306034482758621 0.3838227370689655 0.1295797413793104 0.3838227370689655
1 0.060546875 0.20871497844827583 0.16998922413793105 0.20871497844827583 0.16998922413793105 0.3602505387931035 0.060546875 0.3602505387931035
1 0.0066675646551723755 0.15988685344827583 0.09927262931034486 0.15988685344827583 0.09927262931034486 0.28953394396551724 0.0066675646551723755 0.28953394396551724
1 0.003300107758620663 0.07233297413793101 0.07738415948275856 0.07233297413793101 0.07738415948275856 0.15988685344827583 0.003300107758620663 0.15988685344827583
1 0.8906250000000001 0.4444369612068966 0.9950161637931035 0.4444369612068966 0.9950161637931035 0.6128098060344828 0.8906250000000001 0.6128098060344828
1 0.8350619612068967 0.4158135775862069 0.9141971982758622 0.4158135775862069 0.9141971982758622 0.5555630387931034 0.8350619612068967 0.5555630387931034
1 0.7155172413793104 0.3316271551724138 0.855266702586207 0.3316271551724138 0.855266702586207 0.5050511853448276 0.7155172413793104 0.5050511853448276
1 0.622912176724138 0.28448275862068967 0.7239358836206896 0.28448275862068967 0.7239358836206896 0.4646417025862069 0.622912176724138 0.4646417025862069
1 0.5404094827586207 0.23565463362068964 0.6498518318965517 0.23565463362068964 0.6498518318965517 0.3888739224137931 0.5404094827586207 0.3888739224137931
1 0.48653017241379315 0.1918776939655172 0.5774515086206896 0.1918776939655172 0.5774515086206896 0.36193426724137934 0.48653017241379315 0.36193426724137934
1 0.3972925646551724 0.14473329741379307 0.5151535560344828 0.14473329741379307 0.5151535560344828 0.3114224137931035 0.3972925646551724 0.3114224137931035
1 0.34509698275862066 0.10432381465517239 0.44106950431034486 0.10432381465517239 0.44106950431034486 0.2659617456896552 0.34509698275862066 0.2659617456896552
1 0.1834590517241379 0.03192349137931031 0.31310614224137934 0.03192349137931031 0.31310614224137934 0.1969288793103448 0.1834590517241379 0.1969288793103448
1 0.29121767241379315 0.07401670258620688 0.3821390086206896 0.07401670258620688 0.3821390086206896 0.22218480603448273 0.29121767241379315 0.22218480603448273
1 0.8737877155172414 0.2878502155172414 0.9933324353448277 0.2878502155172414 0.9933324353448277 0.42254849137931033 0.8737877155172414 0.42254849137931033
1 0.8249595905172414 0.2289197198275862 0.9242995689655172 0.2289197198275862 0.9242995689655172 0.37877155172413796 0.8249595905172414 0.37877155172413796
1 0.708782327586207 0.16493803879310343 0.8586341594827586 0.16493803879310343 0.8586341594827586 0.3265759698275862 0.708782327586207 0.3265759698275862
1 0.5437769396551725 0.08243534482758619 0.7155172413793104 0.08243534482758619 0.7155172413793104 0.25754310344827586 0.5437769396551725 0.25754310344827586
1 0.4983162715517242 0.043709590517241347 0.5875538793103449 0.043709590517241347 0.5875538793103449 0.1784078663793103 0.4983162715517242 0.1784078663793103
1 0.4326508620689655 0.010035021551724104 0.5067349137931034 0.010035021551724104 0.5067349137931034 0.1481007543103448 0.4326508620689655 0.1481007543103448
1 0.9024110991379312 0.03192349137931031 0.9832300646551725 0.03192349137931031 0.9832300646551725 0.1834590517241379 0.9024110991379312 0.1834590517241379
1 0.8350619612068967 0.010035021551724104 0.9192483836206896 0.010035021551724104 0.9192483836206896 0.12789601293103445 0.8350619612068967 0.12789601293103445
1 0.633014547413793 0.5387257543103449 0.730670797413793 0.5387257543103449 0.730670797413793 0.7104660560344828 0.633014547413793 0.7104660560344828
