2 0.5052315848214286 0.0012555803571428388 0.7737862723214286 0.0012555803571428388 0.7737862723214286 0.12100074404761903 0.5052315848214286 0.12100074404761903
1 0.21578965807174888 0.5998458520179372 0.3366556894618834 0.5998458520179372 0.3366556894618834 0.7522421524663677 0.21578965807174888 0.7522421524663677
1 0.35592418721973096 0.6357553251121076 0.4531425168161435 0.6357553251121076 0.4531425168161435 0.73472533632287 0.35592418721973096 0.73472533632287
1 0.47153517376681614 0.6103559417040358 0.5634984585201793 0.6103559417040358 0.5634984585201793 0.6996917040358744 0.47153517376681614 0.6996917040358744
1 0.683488649103139 0.5788256726457399 0.769321048206278 0.5788256726457399 0.769321048206278 0.6655339125560538 0.683488649103139 0.6655339125560538
1 0.48379694506726456 0.7627522421524664 0.6046629764573991 0.7627522421524664 0.6046629764573991 0.8950042040358744 0.48379694506726456 0.8950042040358744
1 0.5810152746636771 0.7320978139013453 0.7045088284753364 0.7320978139013453 0.7045088284753364 0.867853139013453 0.5810152746636771 0.867853139013453
1 0.06339335762331838 0.5245235426008968 0.15973584641255606 0.5245235426008968 0.15973584641255606 0.6234935538116592 0.06339335762331838 0.6234935538116592
3 0.17462514013452915 0.2460061659192825 0.32089055493273544 0.2460061659192825 0.32089055493273544 0.3913957399103139 0.17462514013452915 0.3913957399103139
1 0.38395109304932734 0.8030409192825112 0.4811694226457399 0.8030409192825112 0.4811694226457399 0.9256586322869955 0.38395109304932734 0.9256586322869955
1 0.29636701233183854 0.8082959641255605 0.38570277466367714 0.8082959641255605 0.38570277466367714 0.9020109304932735 0.29636701233183854 0.9020109304932735
0 0.20352788677130046 0.8328195067264574 0.308628783632287 0.8328195067264574 0.308628783632287 0.9431754484304933 0.20352788677130046 0.9431754484304933
0 0.11331628363228699 0.8231852578475336 0.2061554091928251 0.8231852578475336 0.2061554091928251 0.952809697309417 0.11331628363228699 0.952809697309417
0 0.0187254764573991 0.8529638452914798 0.12207469170403587 0.8529638452914798 0.12207469170403587 0.9598164237668161 0.0187254764573991 0.9598164237668161
0 0.8078580437219731 0.7049467488789237 0.9147106221973095 0.7049467488789237 0.9147106221973095 0.8214335762331838 0.8078580437219731 0.8214335762331838
0 0.7833345011210763 0.570067264573991 0.8770494674887892 0.570067264573991 0.8770494674887892 0.6523963004484304 0.7833345011210763 0.6523963004484304
0 0.6852403307174888 0.7198360426008968 0.816616451793722 0.7198360426008968 0.816616451793722 0.828440302690583 0.6852403307174888 0.828440302690583
