1 0.6027074353448275 0.07401670258620688 0.7424568965517241 0.07401670258620688 0.7424568965517241 0.2524919181034483 0.6027074353448275 0.2524919181034483
2 0.9024110991379312 0.0049838362068965174 0.9865975215517241 0.0049838362068965174 0.9865975215517241 0.2693292025862069 0.9024110991379312 0.2693292025862069
2 0.8316945043103449 0.2726966594827586 0.9899649784482759 0.2726966594827586 0.9899649784482759 0.5016837284482759 0.8316945043103449 0.5016837284482759
2 0.8451643318965517 0.4831627155172414 0.9966998922413793 0.4831627155172414 0.9966998922413793 0.5892376077586207 0.8451643318965517 0.5892376077586207
2 0.8417968750000001 0.5724003232758621 0.9899649784482759 0.5724003232758621 0.9899649784482759 0.6953125 0.8417968750000001 0.6953125
2 0.8350619612068967 0.7778151939655172 0.998046875 0.7778151939655172 0.998046875 0.9023602695998699 0.8350619612068967 0.9023602695998699
1 0.008351293103448232 0.6818426724137931 0.12621228448275856 0.6818426724137931 0.12621228448275856 0.855266702586207 0.008351293103448232 0.855266702586207
1 0.06367688301282054 0.6746544471153846 0.27526542467948717 0.6746544471153846 0.27526542467948717 0.902519030448718 0.06367688301282054 0.902519030448718
1 0.08871694711538464 0.804862780448718 0.24396534455128205 0.804862780448718 0.24396534455128205 0.9563551682692307 0.08871694711538464 0.9563551682692307
1 0.16258513621794873 0.836162860576923 0.3008122519841269 0.836162860576923 0.3008122519841269 0.9936135912698413 0.16258513621794873 0.9936135912698413
