1 0.28317987351190477 0.4244326636904762 0.41455078125 0.4244326636904762 0.41455078125 0.5523158482142857 0.28317987351190477 0.5523158482142857
1 0.29364304315476186 0.19075520833333331 0.41455078125 0.19075520833333331 0.41455078125 0.31631324404761907 0.29364304315476186 0.31631324404761907
1 0.37502325148809523 0.1616908482142857 0.49360584077380953 0.1616908482142857 0.49360584077380953 0.2977120535714286 0.37502325148809523 0.2977120535714286
1 0.23318917410714288 0.2372581845238095 0.34944661458333337 0.2372581845238095 0.34944661458333337 0.353515625 0.23318917410714288 0.353515625
1 0.1552966889880952 0.2814360119047619 0.27387927827380953 0.2814360119047619 0.27387927827380953 0.40583147321428575 0.1552966889880952 0.40583147321428575
1 0.0785667782738095 0.31398809523809523 0.2169131324404762 0.31398809523809523 0.2169131324404762 0.4720982142857143 0.0785667782738095 0.4720982142857143
1 0.01462518601190474 0.3674665178571429 0.12158203124999997 0.3674665178571429 0.12158203124999997 0.48023623511904767 0.01462518601190474 0.48023623511904767
1 0.1308826264880952 0.523251488095238 0.2750418526785714 0.523251488095238 0.2750418526785714 0.6592726934523809 0.1308826264880952 0.6592726934523809
1 0.06577845982142858 0.5988188244047619 0.20877511160714288 0.5988188244047619 0.20877511160714288 0.7325148809523809 0.06577845982142858 0.7325148809523809
1 0.0018368675595238082 0.6383463541666666 0.1401832217261905 0.6383463541666666 0.1401832217261905 0.7976190476190476 0.0018368675595238082 0.7976190476190476
1 0.21923828124999997 0.4918619791666667 0.34595889136904767 0.4918619791666667 0.34595889136904767 0.6092819940476191 0.21923828124999997 0.6092819940476191
1 0.40176246279761907 0.6639229910714286 0.5226702008928572 0.6639229910714286 0.5226702008928572 0.7766927083333333 0.40176246279761907 0.7766927083333333
1 0.47151692708333337 0.572079613095238 0.6028878348214286 0.572079613095238 0.6028878348214286 0.7348400297619048 0.47151692708333337 0.7348400297619048
1 0.68310546875 0.5116257440476191 0.806338355654762 0.5116257440476191 0.806338355654762 0.6406715029761905 0.68310546875 0.6406715029761905
1 0.6203264508928572 0.45698474702380953 0.7435593377976191 0.45698474702380953 0.7435593377976191 0.5627790178571428 0.6203264508928572 0.5627790178571428
0 0.6703171502976191 0.0024181547619047433 0.7982003348214286 0.0024181547619047433 0.7982003348214286 0.14076450892857142 0.6703171502976191 0.14076450892857142
1 0.8249395461309524 0.0896112351190476 0.9667736235119049 0.0896112351190476 0.9667736235119049 0.2081938244047619 0.8249395461309524 0.2081938244047619
1 0.6772925967261905 0.21168154761904762 0.793550037202381 0.21168154761904762 0.793550037202381 0.3453776041666667 0.6772925967261905 0.3453776041666667
1 0.7354213169642858 0.268647693452381 0.843540736607143 0.268647693452381 0.843540736607143 0.3732793898809524 0.7354213169642858 0.3732793898809524
1 0.7702985491071429 0.31631324404761907 0.9005068824404763 0.31631324404761907 0.9005068824404763 0.4523344494047619 0.7702985491071429 0.4523344494047619
1 0.8133138020833334 0.3756045386904762 0.9830496651785714 0.3756045386904762 0.9830496651785714 0.5127883184523809 0.8133138020833334 0.5127883184523809
1 0.562197730654762 0.3918805803571429 0.6900809151785715 0.3918805803571429 0.6900809151785715 0.5174386160714285 0.562197730654762 0.5174386160714285
1 0.5029064360119048 0.3302641369047619 0.6319521949404763 0.3302641369047619 0.6319521949404763 0.46628534226190477 0.5029064360119048 0.46628534226190477
1 0.4354771205357143 0.29538690476190477 0.5505719866071429 0.29538690476190477 0.5505719866071429 0.40234375 0.4354771205357143 0.40234375
1 0.32270740327380953 0.7034505208333333 0.46802920386904767 0.7034505208333333 0.46802920386904767 0.8324962797619048 0.32270740327380953 0.8324962797619048
1 0.28434244791666663 0.7685546875 0.40990048363095244 0.7685546875 0.40990048363095244 0.9010881696428571 0.28434244791666663 0.9010881696428571
1 0.2134254092261905 0.8185453869047619 0.3308454241071429 0.8185453869047619 0.3308454241071429 0.9348028273809523 0.2134254092261905 0.9348028273809523
1 0.1401832217261905 0.8743489583333334 0.2645786830357143 0.8743489583333334 0.2645786830357143 0.9906063988095238 0.1401832217261905 0.9906063988095238
1 0.5203450520833334 0.8638857886904762 0.6493908110119048 0.8638857886904762 0.6493908110119048 0.9871186755952381 0.5203450520833334 0.9871186755952381
1 0.5773111979166667 0.7952938988095238 0.7051943824404763 0.7952938988095238 0.7051943824404763 0.9196893601190476 0.5773111979166667 0.9196893601190476
1 0.8470284598214286 0.6592726934523809 0.9621233258928572 0.6592726934523809 0.9621233258928572 0.7848307291666666 0.8470284598214286 0.7848307291666666
1 0.524995349702381 0.07798549107142855 0.6389276413690477 0.07798549107142855 0.6389276413690477 0.19773065476190474 0.524995349702381 0.19773065476190474
1 0.6005626860119048 0.03613281249999998 0.7121698288690477 0.03613281249999998 0.7121698288690477 0.15355282738095236 0.6005626860119048 0.15355282738095236
1 0.05415271577380951 0.0872860863095238 0.1762230282738095 0.0872860863095238 0.1762230282738095 0.20703125 0.05415271577380951 0.20703125
1 0.0029994419642856984 0.024507068452380935 0.1483212425595238 0.024507068452380935 0.1483212425595238 0.10588727678571427 0.0029994419642856984 0.10588727678571427
1 0.21923828124999997 0.0012555803571428388 0.33549572172619047 0.0012555803571428388 0.33549572172619047 0.11867559523809522 0.21923828124999997 0.11867559523809522
