1 0.004983836206896519 0.057179418103448246 0.0841190732758621 0.057179418103448246 0.0841190732758621 0.169989224137931 0.004983836206896519 0.169989224137931
1 0.0841190732758621 0.07401670258620688 0.1817753232758621 0.07401670258620688 0.1817753232758621 0.16493803879310343 0.0841190732758621 0.16493803879310343
1 0.23902209051724133 0.12789601293103445 0.3585668103448276 0.12789601293103445 0.3585668103448276 0.21713362068965514 0.23902209051724133 0.21713362068965514
1 0.10264008620689657 0.18177532327586204 0.2087149784482758 0.18177532327586204 0.2087149784482758 0.24407327586206895 0.10264008620689657 0.24407327586206895
0 0.02013739224137928 0.20534752155172412 0.10769127155172409 0.20534752155172412 0.10769127155172409 0.2693292025862069 0.02013739224137928 0.2693292025862069
1 0.07738415948275856 0.42254849137931033 0.18851023706896552 0.42254849137931033 0.18851023706896552 0.47642780172413796 0.07738415948275856 0.47642780172413796
1 0.062230603448275856 0.47306034482758624 0.16998922413793105 0.47306034482758624 0.16998922413793105 0.5218884698275862 0.062230603448275856 0.5218884698275862
1 0.06559806034482757 0.5168372844827587 0.17504040948275856 0.5168372844827587 0.17504040948275856 0.5656654094827587 0.06559806034482757 0.5656654094827587
1 0.07906788793103448 0.5875538793103449 0.1379983836206896 0.5875538793103449 0.1379983836206896 0.6414331896551725 0.07906788793103448 0.6414331896551725
1 0.10600754310344829 0.658270474137931 0.1851427801724138 0.658270474137931 0.1851427801724138 0.769396551724138 0.10600754310344829 0.769396551724138
1 0.2087149784482758 0.6195447198275862 0.29290140086206895 0.6195447198275862 0.29290140086206895 0.6818426724137931 0.2087149784482758 0.6818426724137931
1 0.20703125 0.5471443965517242 0.29290140086206895 0.5471443965517242 0.29290140086206895 0.609442349137931 0.20703125 0.609442349137931
2 0.46632543103448276 0.1177936422413793 0.560614224137931 0.1177936422413793 0.560614224137931 0.2289197198275862 0.46632543103448276 0.2289197198275862
1 0.5319908405172414 0.5067349137931034 0.6363820043103449 0.5067349137931034 0.6363820043103449 0.5690328663793104 0.5319908405172414 0.5690328663793104
1 0.5420932112068966 0.6330145474137931 0.6448006465517241 0.6330145474137931 0.6448006465517241 0.7121497844827587 0.5420932112068966 0.7121497844827587
1 0.6043911637931035 0.7828663793103449 0.7020474137931035 0.7828663793103449 0.7020474137931035 0.902411099137931 0.6043911637931035 0.902411099137931
1 0.38719019396551724 0.6734240301724138 0.46632543103448276 0.6734240301724138 0.46632543103448276 0.732354525862069 0.38719019396551724 0.732354525862069
1 0.26932920258620685 0.6919450431034483 0.3282596982758621 0.6919450431034483 0.3282596982758621 0.7912850215517242 0.26932920258620685 0.7912850215517242
1 0.38719019396551724 0.8098060344827587 0.4814789870689655 0.8098060344827587 0.4814789870689655 0.8822063577586208 0.38719019396551724 0.8822063577586208
1 0.02855603448275862 0.9175646551724138 0.11274245689655171 0.9175646551724138 0.11274245689655171 0.9899649784482759 0.02855603448275862 0.9899649784482759
1 0.2541756465517241 0.7980199353448276 0.34172952586206895 0.7980199353448276 0.34172952586206895 0.8704202586206897 0.2541756465517241 0.8704202586206897
0 0.2996363146551724 0.3265759698275862 0.41244612068965514 0.3265759698275862 0.41244612068965514 0.4562230603448276 0.2996363146551724 0.4562230603448276
0 0.49158135775862066 0.4073949353448276 0.6010237068965517 0.4073949353448276 0.6010237068965517 0.48989762931034486 0.49158135775862066 0.48989762931034486
1 0.31984105603448276 0.4747440732758621 0.41244612068965514 0.4747440732758621 0.41244612068965514 0.5538793103448276 0.31984105603448276 0.5538793103448276
1 0.1363146551724138 0.9293507543103449 0.2322871767241379 0.9293507543103449 0.2322871767241379 0.9916487068965518 0.1363146551724138 0.9916487068965518
1 0.3080549568965517 0.9327182112068966 0.3532824933687002 0.9327182112068966 0.3532824933687002 0.998046875 0.3080549568965517 0.998046875
1 0.2289197198275862 0.9411368534482759 0.29085121386916835 0.9411368534482759 0.29085121386916835 0.998046875 0.2289197198275862 0.998046875
1 0.4090786637931034 0.9411368534482759 0.4545393318965517 0.9411368534482759 0.4545393318965517 0.9933324353448276 0.4090786637931034 0.9933324353448276
