2 0.0 0.17279669110668183 0.46221633184523814 0.17279669110668183 0.46221633184523814 0.7034505208333333 0.0 0.7034505208333333
2 1.3877787807814457e-17 0.7263811383928571 0.10530598958333334 0.7263811383928571 0.10530598958333334 0.9580543154761905 1.3877787807814457e-17 0.9580543154761905
1 0.5947498139880952 0.38606770833333337 0.7458844866071429 0.38606770833333337 0.7458844866071429 0.5011625744047619 0.5947498139880952 0.5011625744047619
2 0.47616722470238093 0.7615792410714286 0.6296270461309524 0.7615792410714286 0.6296270461309524 0.8673735119047619 0.47616722470238093 0.8673735119047619
2 0.8191266741071429 0.36862909226190477 0.9970005580357144 0.36862909226190477 0.9970005580357144 0.8510974702380952 0.8191266741071429 0.8510974702380952
2 0.8609793526785714 0.07217261904761903 0.9528227306547619 0.07217261904761903 0.9528227306547619 0.24307105654761904 0.8609793526785714 0.24307105654761904
2 0.45407831101190477 0.03264508928571427 0.6377650669642858 0.03264508928571427 0.6377650669642858 0.20703125 0.45407831101190477 0.20703125
1 0.3587472098214286 0.08147321428571427 0.44361514136904767 0.08147321428571427 0.44361514136904767 0.16982886904761904 0.3587472098214286 0.16982886904761904
1 0.26341610863095233 0.05240885416666665 0.34944661458333337 0.05240885416666665 0.34944661458333337 0.17215401785714285 0.26341610863095233 0.17215401785714285
1 0.1483212425595238 0.024507068452380935 0.26225353422619047 0.024507068452380935 0.26225353422619047 0.15355282738095236 0.1483212425595238 0.15355282738095236
2 0.0913550967261905 0.02101934523809522 0.15297154017857142 0.02101934523809522 0.15297154017857142 0.11983816964285712 0.0913550967261905 0.11983816964285712
2 0.33317057291666663 0.6488095238095238 0.49593098958333337 0.6488095238095238 0.49593098958333337 0.8278459821428571 0.33317057291666663 0.8278459821428571
1 0.5401088169642857 0.5837053571428571 0.68310546875 0.5837053571428571 0.68310546875 0.6836867559523809 0.5401088169642857 0.6836867559523809
1 0.5063941592261905 0.6534598214285714 0.6668294270833334 0.6534598214285714 0.6668294270833334 0.7743675595238095 0.5063941592261905 0.7743675595238095
