0 0.3821390086206896 0.6986799568965517 0.5151535560344828 0.6986799568965517 0.5151535560344828 0.8098060344827587 0.3821390086206896 0.8098060344827587
1 0.4309671336206896 0.4932650862068966 0.5791352370689656 0.4932650862068966 0.5791352370689656 0.6128098060344828 0.4309671336206896 0.6128098060344828
1 0.4090786637931034 0.3939251077586207 0.5825026939655172 0.3939251077586207 0.5825026939655172 0.47979525862068967 0.4090786637931034 0.47979525862068967
1 0.4242322198275862 0.32994342672413796 0.6296470905172414 0.32994342672413796 0.6296470905172414 0.41749730603448276 0.4242322198275862 0.41749730603448276
1 0.4932650862068966 0.17672413793103445 0.6010237068965517 0.17672413793103445 0.6010237068965517 0.25754310344827586 0.4932650862068966 0.25754310344827586
1 0.2592268318965517 0.07401670258620688 0.38887392241379315 0.07401670258620688 0.38887392241379315 0.15315193965517238 0.2592268318965517 0.15315193965517238
1 0.24575700431034486 0.15315193965517238 0.3972925646551724 0.15315193965517238 0.3972925646551724 0.2625942887931034 0.24575700431034486 0.2625942887931034
1 0.2322871767241379 0.2289197198275862 0.3737203663793104 0.2289197198275862 0.3737203663793104 0.31984105603448276 0.2322871767241379 0.31984105603448276
1 0.2272359913793104 0.31310614224137934 0.3602505387931034 0.31310614224137934 0.3602505387931034 0.4208647629310345 0.2272359913793104 0.4208647629310345
1 0.19861260775862066 0.4057112068965517 0.34004579741379315 0.4057112068965517 0.34004579741379315 0.5151535560344828 0.19861260775862066 0.5151535560344828
1 0.19019396551724133 0.5185210129310345 0.3568830818965517 0.5185210129310345 0.3568830818965517 0.6178609913793104 0.19019396551724133 0.6178609913793104
1 0.19187769396551724 0.6330145474137931 0.31815732758620685 0.6330145474137931 0.31815732758620685 0.7475080818965517 0.19187769396551724 0.7475080818965517
1 0.042025862068965525 0.03529094827586204 0.16662176724137934 0.03529094827586204 0.16662176724137934 0.11442618534482757 0.042025862068965525 0.11442618534482757
1 0.026872306034482762 0.10600754310344826 0.158203125 0.10600754310344826 0.158203125 0.1918776939655172 0.026872306034482762 0.1918776939655172
1 0.01171875 0.18514278017241376 0.1565193965517241 0.18514278017241376 0.1565193965517241 0.30973868534482757 0.01171875 0.30973868534482757
1 0.02518857758620685 0.609442349137931 0.12789601293103448 0.609442349137931 0.12789601293103448 0.6885775862068966 0.02518857758620685 0.6885775862068966
1 0.04034213362068961 0.7845501077586208 0.1329471982758621 0.7845501077586208 0.1329471982758621 0.8721039870689655 0.04034213362068961 0.8721039870689655
1 0.03360721982758619 0.8771551724137931 0.09253771551724133 0.8771551724137931 0.09253771551724133 0.9562904094827587 0.03360721982758619 0.9562904094827587
