1 0.16830549568965514 0.41749730603448276 0.31310614224137934 0.41749730603448276 0.31310614224137934 0.5387257543103449 0.16830549568965514 0.5387257543103449
1 0.12621228448275856 0.5420932112068966 0.2777478448275862 0.5420932112068966 0.2777478448275862 0.6245959051724138 0.12621228448275856 0.6245959051724138
1 0.1379983836206896 0.6296470905172414 0.2760641163793104 0.6296470905172414 0.2760641163793104 0.707098599137931 0.1379983836206896 0.707098599137931
1 0.13968211206896552 0.7104660560344828 0.2592268318965517 0.7104660560344828 0.2592268318965517 0.7896012931034483 0.13968211206896552 0.7896012931034483
1 0.1312634698275862 0.7946524784482759 0.2609105603448276 0.7946524784482759 0.2609105603448276 0.8805226293103449 0.1312634698275862 0.8805226293103449
1 0.12284482758620685 0.8855738146551725 0.2508081896551724 0.8855738146551725 0.2508081896551724 0.964709051724138 0.12284482758620685 0.964709051724138
1 0.4073949353448276 0.31984105603448276 0.513469827586207 0.31984105603448276 0.513469827586207 0.43096713362068967 0.4073949353448276 0.43096713362068967
1 0.4006600215517242 0.4158135775862069 0.5218884698275862 0.4158135775862069 0.5218884698275862 0.5269396551724138 0.4006600215517242 0.5269396551724138
1 0.38550646551724144 0.5202047413793104 0.49158135775862066 0.5202047413793104 0.49158135775862066 0.5993399784482759 0.38550646551724144 0.5993399784482759
1 0.3602505387931034 0.6043911637931034 0.4781115301724138 0.6043911637931034 0.4781115301724138 0.6818426724137931 0.3602505387931034 0.6818426724137931
1 0.3602505387931034 0.6852101293103449 0.4814789870689655 0.6852101293103449 0.4814789870689655 0.769396551724138 0.3602505387931034 0.769396551724138
1 0.34172952586206895 0.7643453663793104 0.4747440732758621 0.7643453663793104 0.4747440732758621 0.867052801724138 0.34172952586206895 0.867052801724138
1 0.3333108836206896 0.8603178879310345 0.4747440732758621 0.8603178879310345 0.4747440732758621 0.9546066810344828 0.3333108836206896 0.9546066810344828
1 0.6010237068965517 0.27101293103448276 0.7155172413793104 0.27101293103448276 0.7155172413793104 0.38213900862068967 0.6010237068965517 0.38213900862068967
1 0.5521955818965517 0.36530172413793105 0.7104660560344828 0.36530172413793105 0.7104660560344828 0.4814789870689655 0.5521955818965517 0.4814789870689655
1 0.5454606681034483 0.45285560344827586 0.6902613146551725 0.45285560344827586 0.6902613146551725 0.5387257543103449 0.5454606681034483 0.5387257543103449
1 0.5218884698275862 0.5319908405172414 0.6734240301724138 0.5319908405172414 0.6734240301724138 0.622912176724138 0.5218884698275862 0.622912176724138
1 0.511786099137931 0.6919450431034483 0.6565867456896551 0.6919450431034483 0.6565867456896551 0.7879175646551725 0.511786099137931 0.7879175646551725
1 0.511786099137931 0.7946524784482759 0.6414331896551725 0.7946524784482759 0.6414331896551725 0.8805226293103449 0.511786099137931 0.8805226293103449
1 0.5168372844827587 0.8754714439655172 0.633014547413793 0.8754714439655172 0.633014547413793 0.9613415948275863 0.5168372844827587 0.9613415948275863
1 0.7980199353448275 0.3316271551724138 0.915880926724138 0.3316271551724138 0.915880926724138 0.4377020474137931 0.7980199353448275 0.4377020474137931
1 0.6397494612068967 0.1969288793103448 0.7138335129310346 0.1969288793103448 0.7138335129310346 0.26764547413793105 0.6397494612068967 0.26764547413793105
1 0.004983836206896519 0.5808189655172414 0.06728178879310343 0.5808189655172414 0.06728178879310343 0.6885775862068966 0.004983836206896519 0.6885775862068966
1 0.003300107758620663 0.6953125 0.0841190732758621 0.6953125 0.0841190732758621 0.7794989224137931 0.003300107758620663 0.7794989224137931
1 0.0066675646551723755 0.8636853448275863 0.07738415948275856 0.8636853448275863 0.07738415948275856 0.9411368534482759 0.0066675646551723755 0.9411368534482759
1 0.7458243534482759 0.5353582974137931 0.8906250000000001 0.5353582974137931 0.8906250000000001 0.6549030172413793 0.7458243534482759 0.6549030172413793
1 0.7357219827586207 0.6414331896551725 0.8737877155172414 0.6414331896551725 0.8737877155172414 0.7491918103448276 0.7357219827586207 0.7491918103448276
1 0.7374057112068967 0.7273033405172414 0.8737877155172414 0.7273033405172414 0.8737877155172414 0.8215921336206897 0.7374057112068967 0.8215921336206897
1 0.720568426724138 0.8165409482758621 0.8620016163793104 0.8165409482758621 0.8620016163793104 0.9125134698275863 0.720568426724138 0.9125134698275863
1 0.7222521551724138 0.9057785560344828 0.8380069553291535 0.9057785560344828 0.8380069553291535 0.998046875 0.7222521551724138 0.998046875
1 0.9057785560344828 0.659954202586207 0.998046875 0.659954202586207 0.998046875 0.7459670422998248 0.9057785560344828 0.7459670422998248
1 0.9411368534482759 0.5825026939655172 0.998046875 0.5825026939655172 0.998046875 0.658786339875275 0.9411368534482759 0.658786339875275
1 0.9276670258620691 0.7491918103448276 0.998046875 0.7491918103448276 0.998046875 0.8258276460727971 0.9276670258620691 0.8258276460727971
1 0.9394531250000001 0.8384294181034483 0.998046875 0.8384294181034483 0.998046875 0.9223610059412862 0.9394531250000001 0.9223610059412862
1 0.904094827586207 0.9310344827586208 0.998046875 0.9310344827586208 0.998046875 0.9864815927077445 0.904094827586207 0.9864815927077445
1 0.8232758620689656 0.24744073275862066 0.9141971982758622 0.24744073275862066 0.9141971982758622 0.3215247844827586 0.8232758620689656 0.3215247844827586
1 0.8401131465517241 0.16662176724137928 0.964709051724138 0.16662176724137928 0.964709051724138 0.28448275862068967 0.8401131465517241 0.28448275862068967
1 0.8704202586206896 0.07064924568965515 0.9512392241379312 0.07064924568965515 0.9512392241379312 0.15483566810344823 0.8704202586206896 0.15483566810344823
