1 0.2350581558295964 0.0016465807174887853 0.34103489349775784 0.0016465807174887853 0.34103489349775784 0.07171384529147982 0.2350581558295964 0.07171384529147982
1 0.18688691143497757 0.04193525784753363 0.2814777186098655 0.04193525784753363 0.2814777186098655 0.13827774663677128 0.18688691143497757 0.13827774663677128
1 0.00033281950672645337 0.002522421524663673 0.09755114910313901 0.002522421524663673 0.09755114910313901 0.09974075112107623 0.00033281950672645337 0.09974075112107623
1 0.1343364630044843 0.09886491031390135 0.25345081278026904 0.09886491031390135 0.25345081278026904 0.21535173766816143 0.1343364630044843 0.21535173766816143
1 0.4391290639013453 0.012156670403587441 0.5722568665919282 0.012156670403587441 0.5722568665919282 0.12864349775784753 0.4391290639013453 0.12864349775784753
1 0.08704105941704036 0.18644899103139012 0.20440372757847533 0.18644899103139012 0.20440372757847533 0.28804652466367714 0.08704105941704036 0.28804652466367714
1 0.0257322029147982 0.24162696188340807 0.13959150784753363 0.24162696188340807 0.13959150784753363 0.3563621076233184 0.0257322029147982 0.3563621076233184
1 0.00033281950672645337 0.32308015695067266 0.12295053251121076 0.32308015695067266 0.12295053251121076 0.4430703475336323 0.00033281950672645337 0.4430703475336323
1 0.3813235706278027 0.07258968609865471 0.5249614630044843 0.07258968609865471 0.5249614630044843 0.20571748878923765 0.3813235706278027 0.20571748878923765
1 0.03711813340807175 0.8941283632286996 0.19564531950672645 0.8941283632286996 0.19564531950672645 0.9966017376681614 0.03711813340807175 0.9966017376681614
1 0.09404778587443946 0.8319436659192825 0.2587058576233184 0.8319436659192825 0.2587058576233184 0.976457399103139 0.09404778587443946 0.976457399103139
1 0.15185327914798205 0.7662556053811659 0.27447099215246634 0.7662556053811659 0.27447099215246634 0.8792390695067265 0.15185327914798205 0.8792390695067265
1 0.18951443385650224 0.6751681614349776 0.3375315302690583 0.6751681614349776 0.3375315302690583 0.8144268497757847 0.18951443385650224 0.8144268497757847
1 0.2718434697309417 0.6208660313901345 0.38657861547085204 0.6208660313901345 0.38657861547085204 0.7356011771300448 0.2718434697309417 0.7356011771300448
1 0.8665393778026906 0.24337864349775784 0.98828125 0.24337864349775784 0.98828125 0.36687219730941706 0.8665393778026906 0.36687219730941706
2 0.6064146580717489 0.5674397421524664 0.7596867993273543 0.5674397421524664 0.7596867993273543 0.7356011771300448 0.6064146580717489 0.7356011771300448
1 0.6983779428251121 0.6226177130044843 0.8183681334080718 0.6226177130044843 0.8183681334080718 0.7408562219730942 0.6983779428251121 0.7408562219730942
1 0.7614384809417041 0.679547365470852 0.8901870795964125 0.679547365470852 0.8901870795964125 0.8074201233183856 0.7614384809417041 0.8074201233183856
1 0.9042005325112108 0.5429161995515694 0.9970396580717489 0.5429161995515694 0.9970396580717489 0.6392586883408071 0.9042005325112108 0.6392586883408071
1 0.8218714966367713 0.4851107062780269 0.9374824831838565 0.4851107062780269 0.9374824831838565 0.6024733744394619 0.8218714966367713 0.6024733744394619
1 0.7474250280269058 0.4430703475336323 0.8569051289237668 0.4430703475336323 0.8569051289237668 0.5499229260089686 0.7474250280269058 0.5499229260089686
1 0.5109480100896862 0.7373528587443946 0.6081663396860987 0.7373528587443946 0.6081663396860987 0.844205437219731 0.5109480100896862 0.844205437219731
1 0.8358849495515696 0.7399803811659192 0.9427375280269058 0.7399803811659192 0.9427375280269058 0.8371987107623319 0.8358849495515696 0.8371987107623319
1 0.902448850896861 0.7837724215246636 0.9979154988789237 0.7837724215246636 0.9979154988789237 0.9107693385650224 0.902448850896861 0.9107693385650224
1 0.5696293441704036 0.7846482623318386 0.6922470571748879 0.7846482623318386 0.6922470571748879 0.9282861547085202 0.5696293441704036 0.9282861547085202
1 0.30950462443946186 0.5446678811659192 0.425991451793722 0.5446678811659192 0.425991451793722 0.6637822309417041 0.30950462443946186 0.6637822309417041
1 0.35680002802690586 0.4754764573991031 0.4767902186098655 0.4754764573991031 0.4767902186098655 0.5954666479820627 0.35680002802690586 0.5954666479820627
1 0.39621286434977576 0.4132917600896861 0.5179547365470852 0.4132917600896861 0.5179547365470852 0.5148892937219731 0.39621286434977576 0.5148892937219731
1 0.27622267376681614 0.195207399103139 0.4172330437219731 0.195207399103139 0.4172330437219731 0.34147281390134526 0.27622267376681614 0.34147281390134526
3 0.6064146580717489 0.11988508968609865 0.745673346412556 0.11988508968609865 0.745673346412556 0.25564041479820626 0.6064146580717489 0.25564041479820626
0 0.5652501401345291 0.20046244394618834 0.691371216367713 0.20046244394618834 0.691371216367713 0.32921104260089684 0.5652501401345291 0.32921104260089684
0 0.5100721692825112 0.2687780269058296 0.6265589966367713 0.2687780269058296 0.6265589966367713 0.3765064461883408 0.5100721692825112 0.3765064461883408
1 0.4610250840807175 0.3344660874439462 0.5801394338565022 0.3344660874439462 0.5801394338565022 0.45270459641255606 0.4610250840807175 0.45270459641255606
1 0.15448080156950672 0.3624929932735426 0.3226422365470852 0.3624929932735426 0.3226422365470852 0.5183926569506726 0.15448080156950672 0.5183926569506726
1 0.07740681053811659 0.4903657511210762 0.21578965807174888 0.4903657511210762 0.21578965807174888 0.6208660313901345 0.07740681053811659 0.6208660313901345
0 0.011718749999999997 0.5639363789237668 0.11857132847533632 0.5639363789237668 0.11857132847533632 0.6427620515695067 0.011718749999999997 0.6427620515695067
1 0.00033281950672645337 0.6436378923766816 0.1124404428251121 0.6436378923766816 0.1124404428251121 0.7434837443946188 0.00033281950672645337 0.7434837443946188
1 0.40847463565022424 0.898507567264574 0.5310923486547086 0.898507567264574 0.5310923486547086 0.9974775784753364 0.40847463565022424 0.9974775784753364
1 0.6405724495515696 0.820557735426009 0.7553075952914798 0.820557735426009 0.7553075952914798 0.9633197869955157 0.6405724495515696 0.9633197869955157
1 0.7010054652466368 0.8617222533632287 0.8428916760089686 0.8617222533632287 0.8428916760089686 0.9957258968609866 0.7010054652466368 0.9957258968609866
1 0.26658842488789236 0.2950532511210762 0.3699376401345291 0.2950532511210762 0.3699376401345291 0.4036575112107623 0.26658842488789236 0.4036575112107623
