1 0.010035021551724144 0.14136584051724135 0.11274245689655171 0.14136584051724135 0.11274245689655171 0.25080818965517243 0.010035021551724144 0.25080818965517243
1 0.0066675646551723755 0.2743803879310345 0.14810075431034486 0.2743803879310345 0.14810075431034486 0.3770878232758621 0.0066675646551723755 0.3770878232758621
1 0.05381196120689652 0.39055765086206895 0.16998922413793105 0.39055765086206895 0.16998922413793105 0.511786099137931 0.05381196120689652 0.511786099137931
1 0.12452855603448276 0.5 0.2272359913793104 0.5 0.2272359913793104 0.6144935344827587 0.12452855603448276 0.6144935344827587
1 0.2726966594827587 0.611126077586207 0.3770878232758621 0.611126077586207 0.3770878232758621 0.7121497844827587 0.2726966594827587 0.7121497844827587
1 0.1598868534482758 0.6700565732758621 0.2743803879310345 0.6700565732758621 0.2743803879310345 0.79296875 0.1598868534482758 0.79296875
1 0.22555226293103448 0.8148572198275863 0.33667834051724144 0.8148572198275863 0.33667834051724144 0.8939924568965518 0.22555226293103448 0.8939924568965518
1 0.7744477370689656 0.07570043103448273 0.855266702586207 0.07570043103448273 0.855266702586207 0.14641702586206892 0.7744477370689656 0.14641702586206892
2 0.8889412715517241 0.0033001077586206555 0.9950161637931035 0.0033001077586206555 0.9950161637931035 0.10769127155172412 0.8889412715517241 0.10769127155172412
2 0.7828663793103449 0.2659617456896552 0.9242995689655172 0.2659617456896552 0.9242995689655172 0.4932650862068966 0.7828663793103449 0.4932650862068966
