1 0.2378394717261905 0.34421502976190477 0.37153552827380953 0.34421502976190477 0.37153552827380953 0.4407087053571429 0.2378394717261905 0.4407087053571429
0 0.500581287202381 0.059384300595238075 0.6075381324404763 0.059384300595238075 0.6075381324404763 0.17215401785714285 0.500581287202381 0.17215401785714285
1 0.19017392113095236 0.2314453125 0.3064313616071429 0.2314453125 0.3064313616071429 0.31166294642857145 0.19017392113095236 0.31166294642857145
1 0.19017392113095236 0.11635044642857141 0.3203822544642857 0.11635044642857141 0.3203822544642857 0.21400669642857142 0.19017392113095236 0.21400669642857142
1 0.2006370907738095 0.038457961309523794 0.36456008184523814 0.038457961309523794 0.36456008184523814 0.13030133928571427 0.2006370907738095 0.13030133928571427
1 0.0018368675595238082 0.5685918898809523 0.10065569196428573 0.5685918898809523 0.10065569196428573 0.6685732886904762 0.0018368675595238082 0.6685732886904762
1 0.0018368675595238082 0.6371837797619048 0.14250837053571427 0.6371837797619048 0.14250837053571427 0.7487909226190476 0.0018368675595238082 0.7487909226190476
1 0.1994745163690476 0.4441964285714286 0.3692103794642857 0.4441964285714286 0.3692103794642857 0.5709170386904762 0.1994745163690476 0.5709170386904762
0 0.8237769717261906 0.15587797619047616 0.9923502604166667 0.15587797619047616 0.9923502604166667 0.26515997023809523 0.8237769717261906 0.26515997023809523
1 0.7110072544642858 0.3965308779761905 0.8214518229166667 0.3965308779761905 0.8214518229166667 0.5360398065476191 0.7110072544642858 0.5360398065476191
1 0.5773111979166667 0.4314081101190476 0.7121698288690477 0.4314081101190476 0.7121698288690477 0.548828125 0.5773111979166667 0.548828125
1 0.45524088541666674 0.5267392113095238 0.611025855654762 0.5267392113095238 0.611025855654762 0.6116071428571428 0.45524088541666674 0.6116071428571428
1 0.2820172991071429 0.6383463541666666 0.45756603422619047 0.6383463541666666 0.45756603422619047 0.7697172619047619 0.2820172991071429 0.7697172619047619
1 0.20993768601190474 0.5709170386904762 0.3726981026785715 0.5709170386904762 0.3726981026785715 0.6813616071428571 0.20993768601190474 0.6813616071428571
1 0.4854678199404763 0.6313709077380952 0.6296270461309524 0.6313709077380952 0.6296270461309524 0.7557663690476191 0.4854678199404763 0.7557663690476191
1 0.5470842633928572 0.6999627976190476 0.6726422991071429 0.6999627976190476 0.6726422991071429 0.8034319196428571 0.5470842633928572 0.8034319196428571
1 0.5900995163690477 0.7743675595238095 0.7168201264880952 0.7743675595238095 0.7168201264880952 0.8836495535714286 0.5900995163690477 0.8836495535714286
1 0.4285016741071429 0.8557477678571428 0.573823474702381 0.8557477678571428 0.573823474702381 0.9836309523809523 0.4285016741071429 0.9836309523809523
1 0.3796735491071429 0.7836681547619048 0.537783668154762 0.7836681547619048 0.537783668154762 0.9057384672619048 0.3796735491071429 0.9057384672619048
1 0.3447963169642857 0.7208891369047619 0.49011811755952384 0.7208891369047619 0.49011811755952384 0.840634300595238 0.3447963169642857 0.840634300595238
1 0.0785667782738095 0.791806175595238 0.1971493675595238 0.791806175595238 0.1971493675595238 0.8743489583333334 0.0785667782738095 0.8743489583333334
1 0.05066499255952381 0.7092633928571428 0.1750604538690476 0.7092633928571428 0.1750604538690476 0.8185453869047619 0.05066499255952381 0.8185453869047619
1 0.12390718005952381 0.8592354910714286 0.25527808779761907 0.8592354910714286 0.25527808779761907 0.9708426339285714 0.12390718005952381 0.9708426339285714
1 0.7830868675595238 0.4558221726190476 0.9039946056547619 0.4558221726190476 0.9039946056547619 0.5895182291666666 0.7830868675595238 0.5895182291666666
1 0.8493536086309523 0.5046502976190476 0.9842122395833335 0.5046502976190476 0.9842122395833335 0.6476469494047619 0.8493536086309523 0.6476469494047619
1 0.8109886532738095 0.8836495535714286 0.9470098586309523 0.8836495535714286 0.9470098586309523 0.9975818452380952 0.8109886532738095 0.9975818452380952
1 0.004162016369047616 0.40466889880952384 0.09484281994047619 0.40466889880952384 0.09484281994047619 0.5174386160714285 0.004162016369047616 0.5174386160714285
