1 0.877155172413793 0.755926724137931 0.9714439655172414 0.755926724137931 0.9714439655172414 0.853582974137931 0.877155172413793 0.853582974137931
1 0.7542429956896551 0.7592941810344828 0.855266702586207 0.7592941810344828 0.855266702586207 0.8199084051724138 0.7542429956896551 0.8199084051724138
1 0.7172009698275862 0.890625 0.8754714439655172 0.890625 0.8754714439655172 0.9764951508620691 0.7172009698275862 0.9764951508620691
1 0.7390894396551725 0.6818426724137931 0.8333782327586207 0.6818426724137931 0.8333782327586207 0.7475080818965517 0.7390894396551725 0.7475080818965517
0 0.5454606681034483 0.6027074353448276 0.769396551724138 0.6027074353448276 0.769396551724138 0.7003636853448276 0.5454606681034483 0.7003636853448276
1 0.4932650862068966 0.6801589439655172 0.5707165948275862 0.6801589439655172 0.5707165948275862 0.7390894396551725 0.4932650862068966 0.7390894396551725
1 0.7525592672413793 0.4427532327586207 0.8266433189655172 0.4427532327586207 0.8266433189655172 0.5673491379310345 0.7525592672413793 0.5673491379310345
2 0.757610452586207 0.0369746767241379 0.8906250000000001 0.0369746767241379 0.8906250000000001 0.19861260775862066 0.757610452586207 0.19861260775862066
2 0.6582704741379312 0.28953394396551724 0.7997036637931035 0.28953394396551724 0.7997036637931035 0.36530172413793105 0.6582704741379312 0.36530172413793105
1 0.537042025862069 0.4158135775862069 0.6683728448275862 0.4158135775862069 0.6683728448275862 0.47642780172413796 0.537042025862069 0.47642780172413796
1 0.5252559267241379 0.49494881465517243 0.6296470905172414 0.49494881465517243 0.6296470905172414 0.585870150862069 0.5252559267241379 0.585870150862069
1 0.4545393318965517 0.5471443965517242 0.574084051724138 0.5471443965517242 0.574084051724138 0.6700565732758621 0.4545393318965517 0.6700565732758621
1 0.36866918103448276 0.7828663793103449 0.4949488146551724 0.7828663793103449 0.4949488146551724 0.8838900862068966 0.36866918103448276 0.8838900862068966
1 0.36698545258620685 0.6885775862068966 0.48653017241379315 0.6885775862068966 0.48653017241379315 0.7710802801724138 0.36698545258620685 0.7710802801724138
1 0.3703529094827587 0.6448006465517242 0.4713766163793104 0.6448006465517242 0.4713766163793104 0.6852101293103449 0.3703529094827587 0.6852101293103449
1 0.3568830818965517 0.560614224137931 0.46295797413793105 0.560614224137931 0.46295797413793105 0.6431169181034483 0.3568830818965517 0.6431169181034483
1 0.2743803879310345 0.6161772629310345 0.3703529094827587 0.6161772629310345 0.3703529094827587 0.6885775862068966 0.2743803879310345 0.6885775862068966
1 0.21208243534482762 0.6549030172413793 0.3232085129310345 0.6549030172413793 0.3232085129310345 0.769396551724138 0.21208243534482762 0.769396551724138
1 0.16493803879310343 0.7239358836206897 0.27101293103448276 0.7239358836206897 0.27101293103448276 0.8165409482758621 0.16493803879310343 0.8165409482758621
1 0.01171875 0.7054148706896552 0.13968211206896552 0.7054148706896552 0.13968211206896552 0.8333782327586208 0.01171875 0.8333782327586208
1 0.07906788793103448 0.6296470905172414 0.2036637931034483 0.6296470905172414 0.2036637931034483 0.7710802801724138 0.07906788793103448 0.7710802801724138
1 0.14304956896551724 0.5892376077586207 0.23733836206896552 0.5892376077586207 0.23733836206896552 0.6885775862068966 0.14304956896551724 0.6885775862068966
1 0.2103987068965517 0.5218884698275862 0.3080549568965517 0.5218884698275862 0.3080549568965517 0.6330145474137931 0.2103987068965517 0.6330145474137931
1 0.2625942887931034 0.46295797413793105 0.3568830818965517 0.46295797413793105 0.3568830818965517 0.5841864224137931 0.2625942887931034 0.5841864224137931
1 0.3114224137931034 0.43096713362068967 0.3972925646551724 0.43096713362068967 0.3972925646551724 0.5218884698275862 0.3114224137931034 0.5218884698275862
1 0.36361799568965514 0.41749730603448276 0.4494881465517242 0.41749730603448276 0.4494881465517242 0.5202047413793104 0.36361799568965514 0.5202047413793104
1 0.3989762931034483 0.34846443965517243 0.5 0.34846443965517243 0.5 0.4579067887931035 0.3989762931034483 0.4579067887931035
1 0.537042025862069 0.23060344827586204 0.6464843750000001 0.23060344827586204 0.6464843750000001 0.37372036637931033 0.537042025862069 0.37372036637931033
1 0.6784752155172414 0.10600754310344826 0.7660290948275862 0.10600754310344826 0.7660290948275862 0.20029633620689652 0.6784752155172414 0.20029633620689652
1 0.7070985991379312 0.07738415948275859 0.7626616379310346 0.07738415948275859 0.7626616379310346 0.1346309267241379 0.7070985991379312 0.1346309267241379
1 0.05381196120689652 0.21039870689655168 0.2036637931034483 0.21039870689655168 0.2036637931034483 0.3080549568965517 0.05381196120689652 0.3080549568965517
1 0.10264008620689657 0.29290140086206895 0.21881734913793105 0.29290140086206895 0.21881734913793105 0.3838227370689655 0.10264008620689657 0.3838227370689655
1 0.13968211206896552 0.34846443965517243 0.2777478448275862 0.34846443965517243 0.2777478448275862 0.4781115301724138 0.13968211206896552 0.4781115301724138
1 0.21544989224137934 0.31310614224137934 0.3265759698275862 0.31310614224137934 0.3265759698275862 0.4259159482758621 0.21544989224137934 0.4259159482758621
1 0.2996363146551724 0.2726966594827586 0.4057112068965517 0.2726966594827586 0.4057112068965517 0.37372036637931033 0.2996363146551724 0.37372036637931033
1 0.2979525862068966 0.17672413793103445 0.38550646551724144 0.17672413793103445 0.38550646551724144 0.26764547413793105 0.2979525862068966 0.26764547413793105
1 0.20198006465517238 0.21376616379310343 0.3080549568965517 0.21376616379310343 0.3080549568965517 0.3080549568965517 0.20198006465517238 0.3080549568965517
1 0.511786099137931 0.05044450431034479 0.6245959051724138 0.05044450431034479 0.6245959051724138 0.1784078663793103 0.511786099137931 0.1784078663793103
1 0.4191810344827587 0.07064924568965515 0.5454606681034483 0.07064924568965515 0.5454606681034483 0.21039870689655168 0.4191810344827587 0.21039870689655168
