2 0.5707165948275862 0.659954202586207 0.8468480603448275 0.659954202586207 0.8468480603448275 0.9697602370689655 0.5707165948275862 0.9697602370689655
1 0.6313308189655172 0.30300377155172414 0.7744477370689656 0.30300377155172414 0.7744477370689656 0.5269396551724138 0.6313308189655172 0.5269396551724138
1 0.5454606681034483 0.3046875 0.6885775862068967 0.3046875 0.6885775862068967 0.511786099137931 0.5454606681034483 0.511786099137931
1 0.4764278017241379 0.31310614224137934 0.5875538793103449 0.31310614224137934 0.5875538793103449 0.5202047413793104 0.4764278017241379 0.5202047413793104
1 0.39055765086206895 0.35183189655172414 0.5168372844827587 0.35183189655172414 0.5168372844827587 0.5336745689655172 0.39055765086206895 0.5336745689655172
1 0.2996363146551724 0.3770878232758621 0.4444369612068966 0.3770878232758621 0.4444369612068966 0.5589304956896552 0.2996363146551724 0.5589304956896552
1 0.2087149784482758 0.40066002155172414 0.3349946120689655 0.40066002155172414 0.3349946120689655 0.560614224137931 0.2087149784482758 0.560614224137931
1 0.12621228448275856 0.41412984913793105 0.3013200431034483 0.41412984913793105 0.3013200431034483 0.658270474137931 0.12621228448275856 0.658270474137931
1 0.04034213362068961 0.4612742456896552 0.17167295258620685 0.4612742456896552 0.17167295258620685 0.6330145474137931 0.04034213362068961 0.6330145474137931
1 0.5959725215517241 0.05044450431034479 0.7172009698275862 0.05044450431034479 0.7172009698275862 0.2373383620689655 0.5959725215517241 0.2373383620689655
1 0.5101023706896551 0.07401670258620688 0.6582704741379312 0.07401670258620688 0.6582704741379312 0.2743803879310345 0.5101023706896551 0.2743803879310345
1 0.4275996767241379 0.09758890086206894 0.562297952586207 0.09758890086206894 0.562297952586207 0.28111530172413796 0.4275996767241379 0.28111530172413796
1 0.34509698275862066 0.10769127155172412 0.4797952586206896 0.10769127155172412 0.4797952586206896 0.3181573275862069 0.34509698275862066 0.3181573275862069
1 0.2625942887931034 0.13631465517241376 0.38887392241379315 0.13631465517241376 0.38887392241379315 0.35519935344827586 0.2625942887931034 0.35519935344827586
1 0.16998922413793105 0.12789601293103445 0.3097386853448276 0.12789601293103445 0.3097386853448276 0.3366783405172414 0.16998922413793105 0.3366783405172414
1 0.0858028017241379 0.14978448275862066 0.20029633620689657 0.14978448275862066 0.20029633620689657 0.3282596982758621 0.0858028017241379 0.3282596982758621
1 0.0016163793103448065 0.10095635775862066 0.11274245689655171 0.10095635775862066 0.11274245689655171 0.35519935344827586 0.0016163793103448065 0.35519935344827586
1 0.828327047413793 0.020137392241379275 0.998046875 0.020137392241379275 0.998046875 0.17820978067951315 0.828327047413793 0.17820978067951315
1 0.8586341594827586 0.2625942887931034 0.998046875 0.2625942887931034 0.998046875 0.3635483241676577 0.8586341594827586 0.3635483241676577
1 0.8704202586206896 0.35856681034482757 0.998046875 0.35856681034482757 0.998046875 0.4419148047149894 0.8704202586206896 0.4419148047149894
