0 0.6161772629310346 0.09758890086206894 0.7424568965517241 0.09758890086206894 0.7424568965517241 0.20703124999999997 0.6161772629310346 0.20703124999999997
0 0.6666891163793104 0.13631465517241376 0.818224676724138 0.13631465517241376 0.818224676724138 0.27101293103448276 0.6666891163793104 0.27101293103448276
0 0.6835264008620691 0.25080818965517243 0.8030711206896551 0.25080818965517243 0.8030711206896551 0.3602505387931035 0.6835264008620691 0.3602505387931035
1 0.5572467672413793 0.0016163793103447933 0.6414331896551725 0.0016163793103447933 0.6414331896551725 0.1295797413793103 0.5572467672413793 0.1295797413793103
1 0.3838227370689655 0.01676993534482755 0.48821390086206895 0.01676993534482755 0.48821390086206895 0.11610991379310343 0.3838227370689655 0.11610991379310343
1 0.4494881465517242 0.10095635775862066 0.5589304956896551 0.10095635775862066 0.5589304956896551 0.21039870689655168 0.4494881465517242 0.21039870689655168
1 0.48821390086206895 0.16662176724137928 0.5959725215517241 0.16662176724137928 0.5959725215517241 0.28111530172413796 0.48821390086206895 0.28111530172413796
1 0.548828125 0.24238954741379307 0.671740301724138 0.24238954741379307 0.671740301724138 0.35856681034482757 0.548828125 0.35856681034482757
0 0.5993399784482759 0.31310614224137934 0.7104660560344828 0.31310614224137934 0.7104660560344828 0.42759967672413796 0.5993399784482759 0.42759967672413796
1 0.671740301724138 0.3989762931034483 0.7525592672413793 0.3989762931034483 0.7525592672413793 0.5252559267241379 0.671740301724138 0.5252559267241379
1 0.7912850215517241 0.32994342672413796 0.8737877155172414 0.32994342672413796 0.8737877155172414 0.4158135775862069 0.7912850215517241 0.4158135775862069
1 0.8384294181034483 0.46632543103448276 0.9697602370689656 0.46632543103448276 0.9697602370689656 0.6380657327586207 0.8384294181034483 0.6380657327586207
1 0.7256196120689656 0.560614224137931 0.8737877155172414 0.560614224137931 0.8737877155172414 0.6801589439655172 0.7256196120689656 0.6801589439655172
1 0.7997036637931035 0.6448006465517242 0.9209321120689656 0.6448006465517242 0.9209321120689656 0.7710802801724138 0.7997036637931035 0.7710802801724138
1 0.867052801724138 0.7138335129310345 0.9865975215517241 0.7138335129310345 0.9865975215517241 0.8232758620689655 0.867052801724138 0.8232758620689655
1 0.9007273706896551 0.7980199353448276 0.998046875 0.7980199353448276 0.998046875 0.8953394396551724 0.9007273706896551 0.8953394396551724
1 0.12789601293103448 0.00666756465517238 0.24238954741379315 0.00666756465517238 0.24238954741379315 0.07738415948275859 0.12789601293103448 0.07738415948275859
1 0.1565193965517241 0.0639143318965517 0.29121767241379315 0.0639143318965517 0.29121767241379315 0.1481007543103448 0.1565193965517241 0.1481007543103448
1 0.17335668103448276 0.1379983836206896 0.3248922413793104 0.1379983836206896 0.3248922413793104 0.25417564655172414 0.17335668103448276 0.25417564655172414
1 0.22050107758620685 0.21544989224137928 0.3754040948275862 0.21544989224137928 0.3754040948275862 0.3215247844827586 0.22050107758620685 0.3215247844827586
1 0.2541756465517241 0.27606411637931033 0.4090786637931034 0.27606411637931033 0.4090786637931034 0.37540409482758624 0.2541756465517241 0.37540409482758624
1 0.31310614224137934 0.3501481681034483 0.46464170258620696 0.3501481681034483 0.46464170258620696 0.4680091594827586 0.31310614224137934 0.4680091594827586
1 0.3585668103448276 0.4292834051724138 0.4966325431034483 0.4292834051724138 0.4966325431034483 0.5437769396551725 0.3585668103448276 0.5437769396551725
1 0.40234375 0.5033674568965517 0.5538793103448276 0.5033674568965517 0.5538793103448276 0.6178609913793104 0.40234375 0.6178609913793104
1 0.4696928879310345 0.5757677801724138 0.5825026939655172 0.5757677801724138 0.5825026939655172 0.683526400862069 0.4696928879310345 0.683526400862069
1 0.48989762931034486 0.6448006465517242 0.6296470905172414 0.6448006465517242 0.6296470905172414 0.7592941810344828 0.48989762931034486 0.7592941810344828
1 0.5538793103448276 0.708782327586207 0.6953125000000001 0.708782327586207 0.6953125000000001 0.8249595905172414 0.5538793103448276 0.8249595905172414
2 0.5993399784482759 0.8013873922413793 0.8199084051724138 0.8013873922413793 0.8199084051724138 0.9916487068965518 0.5993399784482759 0.9916487068965518
1 0.004983836206896519 0.218817349137931 0.12116109913793105 0.218817349137931 0.12116109913793105 0.3349946120689655 0.004983836206896519 0.3349946120689655
1 0.018453663793103425 0.31310614224137934 0.17167295258620685 0.31310614224137934 0.17167295258620685 0.4124461206896552 0.018453663793103425 0.4124461206896552
1 0.04034213362068961 0.3636179956896552 0.2053475215517241 0.3636179956896552 0.2053475215517241 0.44948814655172414 0.04034213362068961 0.44948814655172414
1 0.06559806034482757 0.42759967672413796 0.2524919181034483 0.42759967672413796 0.2524919181034483 0.5218884698275862 0.06559806034482757 0.5218884698275862
1 0.12621228448275856 0.49831627155172414 0.31310614224137934 0.49831627155172414 0.31310614224137934 0.5926050646551725 0.12621228448275856 0.5926050646551725
1 0.20198006465517238 0.5589304956896552 0.31984105603448276 0.5589304956896552 0.31984105603448276 0.6616379310344828 0.20198006465517238 0.6616379310344828
1 0.2625942887931034 0.6128098060344828 0.3821390086206896 0.6128098060344828 0.3821390086206896 0.744140625 0.2625942887931034 0.744140625
1 0.2794315732758621 0.7054148706896552 0.3956088362068966 0.7054148706896552 0.3956088362068966 0.7963362068965517 0.2794315732758621 0.7963362068965517
1 0.29626885775862066 0.7643453663793104 0.451171875 0.7643453663793104 0.451171875 0.867052801724138 0.29626885775862066 0.867052801724138
1 0.33836206896551724 0.8367456896551725 0.4983162715517242 0.8367456896551725 0.4983162715517242 0.9495554956896552 0.33836206896551724 0.9495554956896552
1 0.003300107758620663 0.5993399784482759 0.13968211206896552 0.5993399784482759 0.13968211206896552 0.755926724137931 0.003300107758620663 0.755926724137931
1 0.02855603448275862 0.7609779094827587 0.21713362068965514 0.7609779094827587 0.21713362068965514 0.9293507543103449 0.02855603448275862 0.9293507543103449
