1 0.1727353050595238 0.6255580357142857 0.34712146577380953 0.6255580357142857 0.34712146577380953 0.7639043898809523 0.1727353050595238 0.7639043898809523
1 0.1262323288690476 0.7383277529761905 0.26574125744047616 0.7383277529761905 0.26574125744047616 0.8766741071428571 0.1262323288690476 0.8766741071428571
1 0.05880301339285712 0.8185453869047619 0.18552362351190474 0.8185453869047619 0.18552362351190474 0.9359654017857143 0.05880301339285712 0.9359654017857143
1 0.011137462797619041 0.8929501488095238 0.13437034970238096 0.8929501488095238 0.13437034970238096 0.9975818452380952 0.011137462797619041 0.9975818452380952
0 0.04020182291666666 0.48721168154761907 0.18784877232142858 0.48721168154761907 0.18784877232142858 0.6046316964285714 0.04020182291666666 0.6046316964285714
1 0.0006742931547618902 0.5616164434523809 0.12855747767857142 0.5616164434523809 0.12855747767857142 0.6871744791666666 0.0006742931547618902 0.6871744791666666
1 0.27271670386904767 0.865048363095238 0.39013671875 0.865048363095238 0.39013671875 0.9894438244047619 0.27271670386904767 0.9894438244047619
1 0.3238699776785714 0.7964564732142857 0.44826543898809523 0.7964564732142857 0.44826543898809523 0.9185267857142857 0.3238699776785714 0.9185267857142857
1 0.37734840029761907 0.7208891369047619 0.49360584077380953 0.7208891369047619 0.49360584077380953 0.8522600446428571 0.37734840029761907 0.8522600446428571
1 0.4404296875 0.587890625 0.5712890625 0.587890625 0.5712890625 0.744140625 0.4404296875 0.744140625
1 0.2744140625 0.44921875 0.4208984375 0.44921875 0.4208984375 0.59375 0.2744140625 0.59375
1 0.3857421875 0.158203125 0.5283203125 0.158203125 0.5283203125 0.29296875 0.3857421875 0.29296875
2 0.3095703125 0.072265625 0.4052734375 0.072265625 0.4052734375 0.1640625 0.3095703125 0.1640625
1 0.6123046875 0.8203125 0.6982421875 0.8203125 0.6982421875 0.90625 0.6123046875 0.90625
1 0.18075602578475336 0.30643918161434974 0.3226422365470852 0.30643918161434974 0.3226422365470852 0.4492012331838565 0.18075602578475336 0.4492012331838565
1 0.46277676569506726 0.2442544843049327 0.5670018217488789 0.2442544843049327 0.5670018217488789 0.35198290358744394 0.46277676569506726 0.35198290358744394
1 0.5950287275784754 0.45095291479820626 0.730784052690583 0.45095291479820626 0.730784052690583 0.5744464686098655 0.5950287275784754 0.5744464686098655
1 0.5486091647982063 0.3765064461883408 0.684364489910314 0.3765064461883408 0.684364489910314 0.5253993834080717 0.5486091647982063 0.5253993834080717
1 0.49343119394618834 0.30731502242152464 0.6361932455156951 0.30731502242152464 0.6361932455156951 0.44044282511210764 0.49343119394618834 0.44044282511210764
1 0.6379449271300448 0.523647701793722 0.7649418441704036 0.523647701793722 0.7649418441704036 0.6453895739910314 0.6379449271300448 0.6453895739910314
1 0.35592418721973096 0.5105100896860987 0.4820452634529148 0.5105100896860987 0.4820452634529148 0.6287485986547086 0.35592418721973096 0.6287485986547086
1 0.8115234375 0.734375 0.9248046875 0.734375 0.9248046875 0.857421875 0.8115234375 0.857421875
1 0.2333984375 0.376953125 0.3720703125 0.376953125 0.3720703125 0.494140625 0.2333984375 0.494140625
1 0.11944716928251121 0.2696538677130045 0.2219205437219731 0.2696538677130045 0.2219205437219731 0.3765064461883408 0.11944716928251121 0.3765064461883408
1 0.8682910594170403 0.803916760089686 0.9830262051569507 0.803916760089686 0.9830262051569507 0.9230311098654709 0.8682910594170403 0.9230311098654709
1 0.9164623038116592 0.8645351931471235 0.998046875 0.8645351931471235 0.998046875 0.9808366031390134 0.9164623038116592 0.9808366031390134
1 0.7007619278793356 0.913396860986547 0.808733884529148 0.913396860986547 0.808733884529148 0.998046875 0.7007619278793356 0.998046875
