2 0.37036907862103174 0.0 0.5354585193452381 0.0 0.5354585193452381 0.15239025297619047 0.37036907862103174 0.15239025297619047
1 0.28848444506726456 0.20746917040358742 0.39884038677130046 0.20746917040358742 0.39884038677130046 0.32833520179372194 0.28848444506726456 0.32833520179372194
0 0.29987037556053814 0.4106642376681614 0.44088074551569506 0.4106642376681614 0.44088074551569506 0.5271510650224215 0.29987037556053814 0.5271510650224215
0 0.1343364630044843 0.7881516255605381 0.26571258408071746 0.7881516255605381 0.26571258408071746 0.8950042040358744 0.1343364630044843 0.8950042040358744
0 0.14046734865470853 0.5753223094170403 0.2587058576233184 0.5753223094170403 0.2587058576233184 0.6970641816143498 0.14046734865470853 0.6970641816143498
1 0.023980521300448424 0.8398262331838565 0.09930283071748879 0.8398262331838565 0.09930283071748879 0.9169002242152466 0.023980521300448424 0.9169002242152466
1 0.4040954316143498 0.718084360986547 0.4986862387892377 0.718084360986547 0.4986862387892377 0.843329596412556 0.4040954316143498 0.843329596412556
0 0.7404183015695067 0.6182385089686099 0.8639118553811659 0.6182385089686099 0.8639118553811659 0.7285944506726457 0.7404183015695067 0.7285944506726457
1 0.7404183015695067 0.6147351457399103 0.8647876961883408 0.6147351457399103 0.8647876961883408 0.7338494955156951 0.7404183015695067 0.7338494955156951
1 0.8297540639013453 0.29943245515695066 0.9506200952914798 0.29943245515695066 0.9506200952914798 0.4027816704035874 0.8297540639013453 0.4027816704035874
0 0.6545859024663677 0.40803671524663676 0.7395424607623319 0.40803671524663676 0.7395424607623319 0.49562079596412556 0.6545859024663677 0.49562079596412556
1 0.8884353979820628 0.7601247197309416 0.996163817264574 0.7601247197309416 0.996163817264574 0.8424537556053812 0.8884353979820628 0.8424537556053812
1 0.808733884529148 0.8783632286995515 0.9042005325112108 0.8783632286995515 0.9042005325112108 0.9939742152466368 0.808733884529148 0.9939742152466368
