1 0.11442618534482762 0.6565867456896552 0.24238954741379315 0.6565867456896552 0.24238954741379315 0.7357219827586208 0.11442618534482762 0.7357219827586208
1 0.0 0.6762934167000803 0.06896551724137928 0.6762934167000803 0.06896551724137928 0.7677128232758621 0.0 0.7677128232758621
1 0.0 0.5957387804259635 0.08075161637931028 0.5957387804259635 0.08075161637931028 0.671740301724138 0.0 0.671740301724138
1 0.12621228448275856 0.5892376077586207 0.26596174568965514 0.5892376077586207 0.26596174568965514 0.659954202586207 0.12621228448275856 0.659954202586207
1 0.07401670258620685 0.4966325431034483 0.2625942887931034 0.4966325431034483 0.2625942887931034 0.5757677801724138 0.07401670258620685 0.5757677801724138
1 0.07570043103448276 0.4124461206896552 0.24912446120689657 0.4124461206896552 0.24912446120689657 0.48989762931034486 0.07570043103448276 0.48989762931034486
1 0.09758890086206895 0.3215247844827586 0.23902209051724133 0.3215247844827586 0.23902209051724133 0.40066002155172414 0.09758890086206895 0.40066002155172414
1 0.09422144396551724 0.23060344827586204 0.24575700431034486 0.23060344827586204 0.24575700431034486 0.3181573275862069 0.09422144396551724 0.3181573275862069
1 0.08075161637931028 0.026872306034482724 0.2356546336206896 0.026872306034482724 0.2356546336206896 0.16157058189655168 0.08075161637931028 0.16157058189655168
1 0.3282596982758621 0.6027074353448276 0.48316271551724144 0.6027074353448276 0.48316271551724144 0.6953125 0.3282596982758621 0.6953125
1 0.3316271551724138 0.5235721982758621 0.4747440732758621 0.5235721982758621 0.4747440732758621 0.5942887931034483 0.3316271551724138 0.5942887931034483
1 0.3232085129310345 0.4326508620689655 0.4579067887931034 0.4326508620689655 0.4579067887931034 0.5101023706896551 0.3232085129310345 0.5101023706896551
1 0.2996363146551724 0.33836206896551724 0.46127424568965514 0.33836206896551724 0.46127424568965514 0.4259159482758621 0.2996363146551724 0.4259159482758621
1 0.3215247844827587 0.23902209051724135 0.46127424568965514 0.23902209051724135 0.46127424568965514 0.3400457974137931 0.3215247844827587 0.3400457974137931
1 0.31815732758620685 0.03865840517241376 0.46464170258620696 0.03865840517241376 0.46464170258620696 0.13631465517241376 0.31815732758620685 0.13631465517241376
1 0.4983162715517242 0.04539331896551721 0.6363820043103449 0.04539331896551721 0.6363820043103449 0.1177936422413793 0.4983162715517242 0.1177936422413793
1 0.4983162715517242 0.42254849137931033 0.6397494612068967 0.42254849137931033 0.6397494612068967 0.5016837284482759 0.4983162715517242 0.5016837284482759
1 0.5 0.34341325431034486 0.6346982758620691 0.34341325431034486 0.6346982758620691 0.41412984913793105 0.5 0.41412984913793105
1 0.48316271551724144 0.24744073275862066 0.622912176724138 0.24744073275862066 0.622912176724138 0.3400457974137931 0.48316271551724144 0.3400457974137931
1 0.7425269946340605 1.3877787807814457e-17 0.828327047413793 1.3877787807814457e-17 0.828327047413793 0.08243534482758619 0.7425269946340605 0.08243534482758619
1 0.8838900862068967 0.37877155172413796 0.9613415948275862 0.37877155172413796 0.9613415948275862 0.4747440732758621 0.8838900862068967 0.4747440732758621
1 0.4966325431034483 0.5151535560344828 0.6380657327586207 0.5151535560344828 0.6380657327586207 0.5909213362068966 0.4966325431034483 0.5909213362068966
1 0.48316271551724144 0.5993399784482759 0.5690328663793104 0.5993399784482759 0.5690328663793104 0.6885775862068966 0.48316271551724144 0.6885775862068966
