1 0.43082682291666674 0.05473400297619046 0.5203450520833334 0.05473400297619046 0.5203450520833334 0.17331659226190474 0.43082682291666674 0.17331659226190474
1 0.04149733744394619 0.7767656950672646 0.1632392096412556 0.7767656950672646 0.1632392096412556 0.9098934977578476 0.04149733744394619 0.9098934977578476
1 0.16586673206278027 0.7723864910313901 0.2587058576233184 0.7723864910313901 0.2587058576233184 0.9011350896860987 0.16586673206278027 0.9011350896860987
1 0.24644408632286996 0.7592488789237668 0.35417250560538116 0.7592488789237668 0.35417250560538116 0.8818665919282511 0.24644408632286996 0.8818665919282511
1 0.35592418721973096 0.7478629484304933 0.44876331278026904 0.7478629484304933 0.44876331278026904 0.8424537556053812 0.35592418721973096 0.8424537556053812
1 0.44876331278026904 0.7320978139013453 0.5468574831838565 0.7320978139013453 0.5468574831838565 0.874859865470852 0.44876331278026904 0.874859865470852
1 0.5468574831838565 0.7198360426008968 0.6431999719730942 0.7198360426008968 0.6431999719730942 0.8538396860986547 0.5468574831838565 0.8538396860986547
1 0.20177620515695066 0.3581137892376682 0.29636701233183854 0.3581137892376682 0.29636701233183854 0.4649663677130045 0.20177620515695066 0.4649663677130045
1 0.11419212443946189 0.37475476457399104 0.1921419562780269 0.37475476457399104 0.1921419562780269 0.49299327354260086 0.11419212443946189 0.49299327354260086
1 0.5004379204035875 0.09798906950672646 0.6650959921524664 0.09798906950672646 0.6650959921524664 0.24162696188340807 0.5004379204035875 0.24162696188340807
1 0.13871566704035873 0.06733464125560538 0.24644408632286996 0.06733464125560538 0.24644408632286996 0.22848934977578475 0.13871566704035873 0.22848934977578475
1 0.23943735986547085 0.09098234304932735 0.3375315302690583 0.09098234304932735 0.3375315302690583 0.22761350896860985 0.23943735986547085 0.22761350896860985
0 0.6344415639013453 0.7066984304932735 0.7509283912556054 0.7066984304932735 0.7509283912556054 0.8135510089686099 0.6344415639013453 0.8135510089686099
0 0.7807069786995515 0.8336953475336323 0.8823045123318386 0.8336953475336323 0.8823045123318386 0.9633197869955157 0.7807069786995515 0.9633197869955157
1 0.770196889013453 0.6944366591928252 0.8647876961883408 0.6944366591928252 0.8647876961883408 0.8188060538116592 0.770196889013453 0.8188060538116592
1 0.8604084921524664 0.6760440022421524 0.9611301849775785 0.6760440022421524 0.9611301849775785 0.8056684417040358 0.8604084921524664 0.8056684417040358
1 0.47065933295964124 0.8766115470852018 0.574008548206278 0.8766115470852018 0.574008548206278 0.9966017376681614 0.47065933295964124 0.9966017376681614
1 0.5713810257847534 0.8652256165919282 0.6624684697309418 0.8652256165919282 0.6624684697309418 0.9930983744394619 0.5713810257847534 0.9930983744394619
1 0.660716788116592 0.8661014573991032 0.7605626401345291 0.8661014573991032 0.7605626401345291 0.9869674887892377 0.660716788116592 0.9869674887892377
0 0.2937394899103139 0.35023122197309414 0.3716893217488789 0.35023122197309414 0.3716893217488789 0.4439461883408072 0.2937394899103139 0.4439461883408072
0 0.49430703475336324 0.34234865470852016 0.6379449271300448 0.34234865470852016 0.6379449271300448 0.4194226457399103 0.49430703475336324 0.4194226457399103
0 0.5302165078475336 0.24162696188340807 0.6589651065022422 0.24162696188340807 0.6589651065022422 0.33096272421524664 0.5302165078475336 0.33096272421524664
0 0.7290323710762332 0.45007707399103136 0.8647876961883408 0.45007707399103136 0.8647876961883408 0.5726947869955157 0.7290323710762332 0.5726947869955157
0 0.5380990751121076 0.4211743273542601 0.6869920123318386 0.4211743273542601 0.6869920123318386 0.515765134529148 0.5380990751121076 0.515765134529148
0 0.8498984024663677 0.4238018497757847 0.9471167320627802 0.4238018497757847 0.9471167320627802 0.5490470852017937 0.8498984024663677 0.5490470852017937
1 0.22104470291479822 0.5035033632286996 0.3278972813901345 0.5035033632286996 0.3278972813901345 0.6436378923766816 0.22104470291479822 0.6436378923766816
1 0.11944716928251121 0.5446678811659192 0.23680983744394618 0.5446678811659192 0.23680983744394618 0.6594030269058296 0.11944716928251121 0.6594030269058296
1 0.008215386771300445 0.5131376121076233 0.1203230100896861 0.5131376121076233 0.1203230100896861 0.6699131165919282 0.008215386771300445 0.6699131165919282
1 0.31125630605381166 0.4772281390134529 0.39708870515695066 0.4772281390134529 0.39708870515695066 0.5613088565022422 0.31125630605381166 0.5613088565022422
0 0.3235180773542601 0.05419702914798206 0.4391290639013453 0.05419702914798206 0.4391290639013453 0.18206978699551568 0.3235180773542601 0.18206978699551568
1 0.0020845011210762292 0.3484795403587444 0.0984269899103139 0.3484795403587444 0.0984269899103139 0.4781039798206278 0.0020845011210762292 0.4781039798206278
