3 0.39884038677130046 0.007777466367713001 0.620428110986547 0.007777466367713001 0.620428110986547 0.2328685538116592 0.39884038677130046 0.2328685538116592
3 0.2131621356502242 0.24688200672645738 0.4128538396860987 0.24688200672645738 0.4128538396860987 0.4632146860986547 0.2131621356502242 0.4632146860986547
1 0.08528937780269058 0.22498598654708518 0.20527956838565023 0.22498598654708518 0.20527956838565023 0.3379694506726457 0.08528937780269058 0.3379694506726457
1 0.1483499159192825 0.42993273542600896 0.3060012612107623 0.42993273542600896 0.3060012612107623 0.6007216928251121 0.1483499159192825 0.6007216928251121
1 0.00996706838565022 0.37475476457399104 0.11068876121076233 0.37475476457399104 0.11068876121076233 0.48248318385650224 0.00996706838565022 0.48248318385650224
1 0.03624229260089686 0.2836673206278027 0.15973584641255606 0.2836673206278027 0.15973584641255606 0.4027816704035874 0.03624229260089686 0.4027816704035874
1 0.1483499159192825 0.16104960762331838 0.25345081278026904 0.16104960762331838 0.25345081278026904 0.25564041479820626 0.1483499159192825 0.25564041479820626
1 0.5179547365470852 0.7496146300448431 0.644075812780269 0.7496146300448431 0.644075812780269 0.8713565022421524 0.5179547365470852 0.8713565022421524
1 0.5810152746636771 0.6839265695067265 0.6861161715246636 0.6839265695067265 0.6861161715246636 0.7942825112107623 0.5810152746636771 0.7942825112107623
1 0.5994079316143498 0.5910874439461883 0.730784052690583 0.5910874439461883 0.730784052690583 0.6961883408071748 0.5994079316143498 0.6961883408071748
1 0.511823850896861 0.43693946188340804 0.6361932455156951 0.43693946188340804 0.6361932455156951 0.5446678811659192 0.511823850896861 0.5446678811659192
2 0.6642201513452914 0.5507987668161435 0.7868378643497758 0.5507987668161435 0.7868378643497758 0.6629063901345291 0.6642201513452914 0.6629063901345291
1 0.46190092488789236 0.5087584080717489 0.5722568665919282 0.5087584080717489 0.5722568665919282 0.608604260089686 0.46190092488789236 0.608604260089686
1 0.4119779988789238 0.5709431053811659 0.5249614630044843 0.5709431053811659 0.5249614630044843 0.6926849775784754 0.4119779988789238 0.6926849775784754
1 0.3576758688340807 0.6348794843049327 0.5170788957399103 0.6348794843049327 0.5170788957399103 0.7793932174887892 0.3576758688340807 0.7793932174887892
1 0.3147596692825112 0.7250910874439462 0.4662801289237668 0.7250910874439462 0.4662801289237668 0.8617222533632287 0.3147596692825112 0.8617222533632287
1 0.2595816984304933 0.7758898542600897 0.41810888452914796 0.7758898542600897 0.41810888452914796 0.9239069506726457 0.2595816984304933 0.9239069506726457
1 0.20703125 0.8503363228699552 0.33402816704035876 0.8503363228699552 0.33402816704035876 0.960692264573991 0.20703125 0.960692264573991
1 0.4689076513452915 0.827564461883408 0.5915253643497758 0.827564461883408 0.5915253643497758 0.9431754484304933 0.4689076513452915 0.9431754484304933
1 0.44000490470852016 0.9098934977578476 0.5328440302690582 0.9098934977578476 0.5328440302690582 0.9957258968609866 0.44000490470852016 0.9957258968609866
2 0.7439216647982063 0.35198290358744394 0.9033246917040358 0.35198290358744394 0.9033246917040358 0.5105100896860987 0.7439216647982063 0.5105100896860987
2 0.6291865190582959 0.25476457399103136 0.7877137051569507 0.25476457399103136 0.7877137051569507 0.4124159192825112 0.6291865190582959 0.4124159192825112
2 0.6904953755605381 0.210972533632287 0.7912170683856502 0.210972533632287 0.7912170683856502 0.3160734304932735 0.6904953755605381 0.3160734304932735
2 0.7281565302690584 0.14353279147982062 0.9322274383408072 0.14353279147982062 0.9322274383408072 0.34497617713004486 0.7281565302690584 0.34497617713004486
2 0.8358849495515696 0.33183856502242154 0.9532476177130045 0.33183856502242154 0.9532476177130045 0.42818105381165916 0.8358849495515696 0.42818105381165916
2 0.8516500840807175 0.19871076233183854 0.9585026625560538 0.19871076233183854 0.9585026625560538 0.32132847533632286 0.8516500840807175 0.32132847533632286
1 0.8209956558295964 0.7242152466367713 0.9042005325112108 0.7242152466367713 0.9042005325112108 0.7977858744394619 0.8209956558295964 0.7977858744394619
1 0.7386666199551569 0.7758898542600897 0.8726702634529148 0.7758898542600897 0.8726702634529148 0.8993834080717489 0.7386666199551569 0.8993834080717489
1 0.6537100616591929 0.8555913677130045 0.8201198150224215 0.8555913677130045 0.8201198150224215 0.9966017376681614 0.6537100616591929 0.9966017376681614
1 0.005587864349775781 0.013032511210762328 0.12470221412556054 0.013032511210762328 0.12470221412556054 0.13302270179372197 0.005587864349775781 0.13302270179372197
