1 0.5668480282738095 0.029157366071428555 0.6993815104166667 0.029157366071428555 0.6993815104166667 0.1396019345238095 0.5668480282738095 0.1396019345238095
1 0.7144949776785715 0.12913876488095236 0.8144763764880952 0.12913876488095236 0.8144763764880952 0.21633184523809523 0.7144949776785715 0.21633184523809523
1 0.7668108258928572 0.0663597470238095 0.8702799479166667 0.0663597470238095 0.8702799479166667 0.15355282738095236 0.7668108258928572 0.15355282738095236
1 0.7912248883928572 0.0035807291666666483 0.9225957961309523 0.0035807291666666483 0.9225957961309523 0.0884486607142857 0.7912248883928572 0.0884486607142857
1 0.30061848958333337 0.011718749999999983 0.43315197172619047 0.011718749999999983 0.43315197172619047 0.13378906249999997 0.30061848958333337 0.13378906249999997
1 0.26690383184523814 0.08031063988095237 0.3878115699404763 0.08031063988095237 0.3878115699404763 0.19075520833333331 0.26690383184523814 0.19075520833333331
1 0.21458798363095236 0.12913876488095236 0.34944661458333337 0.12913876488095236 0.34944661458333337 0.26981026785714285 0.21458798363095236 0.26981026785714285
1 0.0762416294642857 0.06170944940476189 0.20761253720238096 0.06170944940476189 0.20761253720238096 0.17564174107142855 0.0762416294642857 0.17564174107142855
1 0.14250837053571427 0.21749441964285712 0.3029436383928571 0.21749441964285712 0.3029436383928571 0.34072730654761907 0.14250837053571427 0.34072730654761907
1 0.11809430803571427 0.31166294642857145 0.22737630208333334 0.31166294642857145 0.22737630208333334 0.3965308779761905 0.11809430803571427 0.3965308779761905
1 0.06345331101190474 0.3744419642857143 0.18784877232142858 0.3744419642857143 0.18784877232142858 0.47442336309523814 0.06345331101190474 0.47442336309523814
1 0.0018368675595238082 0.41745721726190477 0.12972005208333334 0.41745721726190477 0.12972005208333334 0.5337146577380952 0.0018368675595238082 0.5337146577380952
1 0.27039155505952384 0.4488467261904762 0.39013671875 0.4488467261904762 0.39013671875 0.5697544642857143 0.27039155505952384 0.5697544642857143
1 0.32619512648809523 0.38141741071428575 0.4610537574404763 0.38141741071428575 0.4610537574404763 0.4930245535714286 0.32619512648809523 0.4930245535714286
1 0.37851097470238093 0.3046875 0.488955543154762 0.3046875 0.488955543154762 0.4209449404761905 0.37851097470238093 0.4209449404761905
0 0.42268880208333337 0.24074590773809523 0.5389462425595238 0.24074590773809523 0.5389462425595238 0.34072730654761907 0.42268880208333337 0.34072730654761907
1 0.46802920386904767 0.16866629464285712 0.5726609002976191 0.16866629464285712 0.5726609002976191 0.25469680059523814 0.46802920386904767 0.25469680059523814
1 0.5284830729166667 0.10123697916666666 0.6319521949404763 0.10123697916666666 0.6319521949404763 0.19889322916666666 0.5284830729166667 0.19889322916666666
1 0.6482282366071429 0.1837797619047619 0.7668108258928572 0.1837797619047619 0.7668108258928572 0.29422433035714285 0.6482282366071429 0.29422433035714285
1 0.6063755580357143 0.2523716517857143 0.7284458705357143 0.2523716517857143 0.7284458705357143 0.35932849702380953 0.6063755580357143 0.35932849702380953
1 0.5308082217261905 0.31050037202380953 0.6691545758928572 0.31050037202380953 0.6691545758928572 0.45000930059523814 0.5308082217261905 0.45000930059523814
1 0.4982561383928572 0.3965308779761905 0.6145135788690477 0.3965308779761905 0.6145135788690477 0.5081380208333333 0.4982561383928572 0.5081380208333333
1 0.42966424851190477 0.4523344494047619 0.5563848586309524 0.4523344494047619 0.5563848586309524 0.5755673363095238 0.42966424851190477 0.5755673363095238
1 0.39594959077380953 0.5372023809523809 0.5110444568452381 0.5372023809523809 0.5110444568452381 0.646484375 0.39594959077380953 0.646484375
1 0.35293433779761907 0.6197451636904762 0.46570405505952384 0.6197451636904762 0.46570405505952384 0.7243768601190476 0.35293433779761907 0.7243768601190476
1 0.21923828124999997 0.5058128720238095 0.3238699776785714 0.5058128720238095 0.3238699776785714 0.6150948660714285 0.21923828124999997 0.6150948660714285
1 0.17041015624999997 0.5918433779761905 0.29480561755952384 0.5918433779761905 0.29480561755952384 0.7278645833333333 0.17041015624999997 0.7278645833333333
1 0.30061848958333337 0.6743861607142857 0.42617652529761907 0.6743861607142857 0.42617652529761907 0.7941313244047619 0.30061848958333337 0.7941313244047619
1 0.26690383184523814 0.7580915178571428 0.38432384672619047 0.7580915178571428 0.38432384672619047 0.8673735119047619 0.26690383184523814 0.8673735119047619
1 0.11809430803571427 0.6546223958333333 0.23551432291666666 0.6546223958333333 0.23551432291666666 0.7766927083333333 0.11809430803571427 0.7766927083333333
1 0.1890113467261905 0.8092447916666666 0.33549572172619047 0.8092447916666666 0.33549572172619047 0.939453125 0.1890113467261905 0.939453125
1 0.13902064732142858 0.8813244047619048 0.27271670386904767 0.8813244047619048 0.27271670386904767 0.9952566964285714 0.13902064732142858 0.9952566964285714
1 0.01346261160714285 0.7906436011904762 0.12972005208333334 0.7906436011904762 0.12972005208333334 0.9022507440476191 0.01346261160714285 0.9022507440476191
1 0.43431454613095244 0.8813244047619048 0.5482468377976191 0.8813244047619048 0.5482468377976191 0.9754929315476191 0.43431454613095244 0.9754929315476191
1 0.4854678199404763 0.8115699404761905 0.5877743675595238 0.8115699404761905 0.5877743675595238 0.9069010416666666 0.4854678199404763 0.9069010416666666
1 0.671479724702381 0.8499348958333334 0.7761114211309524 0.8499348958333334 0.7761114211309524 0.9441034226190476 0.671479724702381 0.9441034226190476
1 0.8819056919642858 0.24423363095238093 0.9970005580357144 0.24423363095238093 0.9970005580357144 0.36514136904761907 0.8819056919642858 0.36514136904761907
1 0.8261021205357143 0.3023623511904762 0.941196986607143 0.3023623511904762 0.941196986607143 0.43373325892857145 0.8261021205357143 0.43373325892857145
1 0.7795991443452381 0.38606770833333337 0.8819056919642858 0.38606770833333337 0.8819056919642858 0.488374255952381 0.7795991443452381 0.488374255952381
1 0.7377464657738095 0.45814732142857145 0.8481910342261905 0.45814732142857145 0.8481910342261905 0.5581287202380952 0.7377464657738095 0.5581287202380952
1 0.684268043154762 0.5197637648809523 0.806338355654762 0.5197637648809523 0.806338355654762 0.6488095238095238 0.684268043154762 0.6488095238095238
1 0.8633045014880953 0.5441778273809523 0.9818870907738095 0.5441778273809523 0.9818870907738095 0.6615978422619048 0.8633045014880953 0.6615978422619048
1 0.8272646949404763 0.6371837797619048 0.9435221354166667 0.6371837797619048 0.9435221354166667 0.7499534970238095 0.8272646949404763 0.7499534970238095
1 0.7458844866071429 0.6999627976190476 0.8656296502976191 0.6999627976190476 0.8656296502976191 0.8080822172619048 0.7458844866071429 0.8080822172619048
1 0.6865931919642858 0.7580915178571428 0.8447033110119049 0.7580915178571428 0.8447033110119049 0.8638857886904762 0.6865931919642858 0.8638857886904762
1 0.5656854538690477 0.6627604166666666 0.6993815104166667 0.6627604166666666 0.6993815104166667 0.7766927083333333 0.5656854538690477 0.7766927083333333
1 0.6156761532738095 0.5895182291666666 0.75634765625 0.5895182291666666 0.75634765625 0.7011253720238095 0.6156761532738095 0.7011253720238095
1 0.5168573288690477 0.6581101190476191 0.6854306175595238 0.6581101190476191 0.6854306175595238 0.8708612351190476 0.5168573288690477 0.8708612351190476
1 0.58544921875 0.8871372767857143 0.7179827008928572 0.8871372767857143 0.7179827008928572 0.9964192708333334 0.58544921875 0.9964192708333334
1 0.0029994419642856984 0.2105189732142857 0.11344401041666666 0.2105189732142857 0.11344401041666666 0.31398809523809523 0.0029994419642856984 0.31398809523809523
