2 0.7727640086206896 0.609442349137931 0.998046875 0.609442349137931 0.998046875 0.9555290714017993 0.7727640086206896 0.9555290714017993
1 0.8872575431034483 0.2457570043103448 0.998046875 0.2457570043103448 0.998046875 0.46251874062968534 0.8872575431034483 0.46251874062968534
1 0.8081223060344828 0.25080818965517243 0.9108297413793104 0.25080818965517243 0.9108297413793104 0.4915813577586207 0.8081223060344828 0.4915813577586207
1 0.7104660560344828 0.2592268318965517 0.8232758620689656 0.2592268318965517 0.8232758620689656 0.4814789870689655 0.7104660560344828 0.4814789870689655
1 0.6313308189655172 0.255859375 0.7424568965517241 0.255859375 0.7424568965517241 0.5151535560344828 0.6313308189655172 0.5151535560344828
1 0.5505118534482759 0.3232085129310345 0.6431169181034483 0.3232085129310345 0.6431169181034483 0.4932650862068966 0.5505118534482759 0.4932650862068966
1 0.4706237296747967 0.34438516260162605 0.5468432418699187 0.34438516260162605 0.5468432418699187 0.5254065040650406 0.4706237296747967 0.5254065040650406
1 0.3594702743902439 0.31897865853658536 0.4737995426829268 0.31897865853658536 0.4737995426829268 0.5285823170731707 0.3594702743902439 0.5285823170731707
1 0.2149707825203252 0.23958333333333331 0.4372776930894309 0.23958333333333331 0.4372776930894309 0.38408282520325204 0.2149707825203252 0.38408282520325204
1 0.24037728658536583 0.11096290650406504 0.4658600101626016 0.11096290650406504 0.4658600101626016 0.2348196138211382 0.24037728658536583 0.2348196138211382
1 0.2673716971544715 0.023628048780487798 0.4912665142276422 0.023628048780487798 0.4912665142276422 0.16971544715447154 0.2673716971544715 0.16971544715447154
1 0.4213986280487805 0.010924796747967473 0.5547827743902439 0.010924796747967473 0.5547827743902439 0.16653963414634146 0.4213986280487805 0.16653963414634146
1 0.5436674288617886 0.009336890243902432 0.6310022865853658 0.009336890243902432 0.6310022865853658 0.19353404471544713 0.5436674288617886 0.19353404471544713
1 0.6278264735772358 0.010924796747967473 0.7342162093495934 0.010924796747967473 0.7342162093495934 0.20147357723577233 0.6278264735772358 0.20147357723577233
1 0.7103976117886179 0.02204014227642276 0.7961445630081301 0.02204014227642276 0.7961445630081301 0.18718241869918698 0.7103976117886179 0.18718241869918698
2 0.8009082825203253 0.015688516260162596 0.9851054369918699 0.015688516260162596 0.9851054369918699 0.20941310975609753 0.8009082825203253 0.20941310975609753
