1 0.2140379764573991 0.04456278026905829 0.33227648542600896 0.04456278026905829 0.33227648542600896 0.1671804932735426 0.2140379764573991 0.1671804932735426
1 0.28760860426008966 0.10849915919282511 0.39884038677130046 0.10849915919282511 0.39884038677130046 0.26352298206278024 0.28760860426008966 0.26352298206278024
0 0.3384073710762332 0.0436869394618834 0.46452844730941706 0.0436869394618834 0.46452844730941706 0.1575462443946188 0.3384073710762332 0.1575462443946188
1 0.4356257006726457 0.2591437780269058 0.5888978419282511 0.2591437780269058 0.5888978419282511 0.4001541479820628 0.4356257006726457 0.4001541479820628
1 0.5091963284753364 0.20308996636771298 0.6493308576233184 0.20308996636771298 0.6493308576233184 0.3344660874439462 0.5091963284753364 0.3344660874439462
1 0.5608709360986547 0.1356502242152466 0.6861161715246636 0.1356502242152466 0.6861161715246636 0.2600196188340807 0.5608709360986547 0.2600196188340807
0 0.6230556334080718 0.07872057174887892 0.7675693665919282 0.07872057174887892 0.7675693665919282 0.22060678251121074 0.6230556334080718 0.22060678251121074
1 0.5775119114349776 0.38614069506726456 0.6975021020179373 0.38614069506726456 0.6975021020179373 0.5 0.5775119114349776 0.5
1 0.6309382006726457 0.29943245515695066 0.7596867993273543 0.29943245515695066 0.7596867993273543 0.4229260089686099 0.6309382006726457 0.4229260089686099
1 0.6975021020179373 0.16893217488789236 0.8805528307174888 0.16893217488789236 0.8805528307174888 0.36512051569506726 0.6975021020179373 0.36512051569506726
1 0.7999754764573991 0.11550588565022422 0.941861687219731 0.11550588565022422 0.941861687219731 0.2442544843049327 0.7999754764573991 0.2442544843049327
1 0.8534017656950673 0.04806614349775784 0.9935362948430493 0.04806614349775784 0.9935362948430493 0.19082819506726456 0.8534017656950673 0.19082819506726456
1 0.6869920123318386 0.014784192825112103 0.8026029988789237 0.014784192825112103 0.8026029988789237 0.12864349775784753 0.6869920123318386 0.12864349775784753
1 0.7719485706278026 0.45971132286995514 0.9120830997757847 0.45971132286995514 0.9120830997757847 0.5884599215246636 0.7719485706278026 0.5884599215246636
1 0.8516500840807175 0.4045333520179372 0.9733919562780269 0.4045333520179372 0.9733919562780269 0.5359094730941704 0.8516500840807175 0.5359094730941704
1 0.6545859024663677 0.6594030269058296 0.7561834360986547 0.6594030269058296 0.7561834360986547 0.7828965807174888 0.6545859024663677 0.7828965807174888
1 0.7334115751121076 0.7023192264573991 0.8376366311659192 0.7023192264573991 0.8376366311659192 0.8179302130044843 0.7334115751121076 0.8179302130044843
1 0.8262507006726457 0.7277186098654709 0.925220711883408 0.7277186098654709 0.925220711883408 0.8774873878923767 0.8262507006726457 0.8774873878923767
1 0.9112072589686099 0.7662556053811659 0.9970396580717489 0.7662556053811659 0.9970396580717489 0.9107693385650224 0.9112072589686099 0.9107693385650224
1 0.7395424607623319 0.8696048206278026 0.8577809697309418 0.8696048206278026 0.8577809697309418 0.9930983744394619 0.7395424607623319 0.9930983744394619
1 0.6659718329596412 0.8547155269058296 0.769321048206278 0.8547155269058296 0.769321048206278 0.9676989910313901 0.6659718329596412 0.9676989910313901
1 0.5880220011210763 0.8109234865470852 0.6747302410313901 0.8109234865470852 0.6747302410313901 0.9396720852017937 0.5880220011210763 0.9396720852017937
2 0.29724285313901344 0.7995375560538116 0.4899278307174888 0.7995375560538116 0.4899278307174888 0.9957258968609866 0.29724285313901344 0.9957258968609866
1 0.3874544562780269 0.7408562219730942 0.5030654428251121 0.7408562219730942 0.5030654428251121 0.8258127802690582 0.3874544562780269 0.8258127802690582
1 0.39971622757847536 0.6436378923766816 0.5372232343049327 0.6436378923766816 0.5372232343049327 0.7627522421524664 0.39971622757847536 0.7627522421524664
1 0.4321223374439462 0.5411645179372198 0.5775119114349776 0.5411645179372198 0.5775119114349776 0.6655339125560538 0.4321223374439462 0.6655339125560538
