1 0.0016163793103448065 0.3804552801724138 0.0858028017241379 0.3804552801724138 0.0858028017241379 0.5286233836206897 0.0016163793103448065 0.5286233836206897
1 0.03865840517241376 0.2979525862068966 0.19187769396551724 0.2979525862068966 0.19187769396551724 0.46632543103448276 0.03865840517241376 0.46632543103448276
1 0.1346309267241379 0.2861664870689655 0.2743803879310345 0.2861664870689655 0.2743803879310345 0.4343345905172414 0.1346309267241379 0.4343345905172414
1 0.21881734913793105 0.27606411637931033 0.34172952586206895 0.27606411637931033 0.34172952586206895 0.3989762931034483 0.21881734913793105 0.3989762931034483
1 0.3013200431034483 0.2238685344827586 0.4191810344827587 0.2238685344827586 0.4191810344827587 0.3450969827586207 0.3013200431034483 0.3450969827586207
3 0.36193426724137934 0.1868265086206896 0.4966325431034483 0.1868265086206896 0.4966325431034483 0.3147898706896552 0.36193426724137934 0.3147898706896552
1 0.4444369612068966 0.1396821120689655 0.5555630387931034 0.1396821120689655 0.5555630387931034 0.2827990301724138 0.4444369612068966 0.2827990301724138
1 0.5151535560344828 0.07906788793103446 0.6565867456896551 0.07906788793103446 0.6565867456896551 0.27101293103448276 0.5151535560344828 0.27101293103448276
1 0.5942887931034483 0.04876077586206893 0.7289870689655172 0.04876077586206893 0.7289870689655172 0.20029633620689652 0.5942887931034483 0.20029633620689652
1 0.6734240301724138 0.02518857758620686 0.828327047413793 0.02518857758620686 0.828327047413793 0.1800915948275862 0.6734240301724138 0.1800915948275862
1 0.7761314655172414 0.0033001077586206555 0.9175646551724138 0.0033001077586206555 0.9175646551724138 0.18514278017241376 0.7761314655172414 0.18514278017241376
1 0.36530172413793105 0.1800915948275862 0.4966325431034483 0.1800915948275862 0.4966325431034483 0.3181573275862069 0.36530172413793105 0.3181573275862069
1 0.8721039870689656 0.0033001077586206555 0.9916487068965517 0.0033001077586206555 0.9916487068965517 0.13294719827586204 0.8721039870689656 0.13294719827586204
1 0.062230603448275856 0.5555630387931034 0.2609105603448276 0.5555630387931034 0.2609105603448276 0.659954202586207 0.062230603448275856 0.659954202586207
1 0.24744073275862066 0.4915813577586207 0.39055765086206895 0.4915813577586207 0.39055765086206895 0.5892376077586207 0.24744073275862066 0.5892376077586207
1 0.1329471982758621 0.659954202586207 0.3080549568965517 0.659954202586207 0.3080549568965517 0.7374057112068966 0.1329471982758621 0.7374057112068966
1 0.26764547413793105 0.5707165948275862 0.43601831896551724 0.5707165948275862 0.43601831896551724 0.683526400862069 0.26764547413793105 0.683526400862069
1 0.4040274784482759 0.39055765086206895 0.6010237068965517 0.39055765086206895 0.6010237068965517 0.5067349137931034 0.4040274784482759 0.5067349137931034
1 0.5690328663793104 0.31984105603448276 0.7273033405172414 0.31984105603448276 0.7273033405172414 0.43096713362068967 0.5690328663793104 0.43096713362068967
1 0.7542429956896551 0.23060344827586204 0.9714439655172414 0.23060344827586204 0.9714439655172414 0.3602505387931035 0.7542429956896551 0.3602505387931035
1 0.8316945043103449 0.31310614224137934 0.998046875 0.31310614224137934 0.998046875 0.4680421737660583 0.8316945043103449 0.4680421737660583
1 0.8754714439655172 0.4090786637931035 0.998046875 0.4090786637931035 0.998046875 0.520928744612069 0.8754714439655172 0.520928744612069
1 0.611126077586207 0.41076239224137934 0.7980199353448275 0.41076239224137934 0.7980199353448275 0.5168372844827587 0.611126077586207 0.5168372844827587
1 0.4747440732758621 0.4932650862068966 0.6313308189655172 0.4932650862068966 0.6313308189655172 0.5959725215517242 0.4747440732758621 0.5959725215517242
1 0.6616379310344828 0.49831627155172414 0.8367456896551725 0.49831627155172414 0.8367456896551725 0.5757677801724138 0.6616379310344828 0.5757677801724138
1 0.5235721982758621 0.5757677801724138 0.6616379310344828 0.5757677801724138 0.6616379310344828 0.6549030172413793 0.5235721982758621 0.6549030172413793
1 0.7155172413793104 0.5707165948275862 0.8535829741379312 0.5707165948275862 0.8535829741379312 0.6683728448275862 0.7155172413793104 0.6683728448275862
1 0.584186422413793 0.622912176724138 0.7239358836206896 0.622912176724138 0.7239358836206896 0.707098599137931 0.584186422413793 0.707098599137931
1 0.7491918103448275 0.6212284482758621 0.9141971982758622 0.6212284482758621 0.9141971982758622 0.7592941810344828 0.7491918103448275 0.7592941810344828
1 0.6094423491379312 0.6969962284482759 0.7407731681034483 0.6969962284482759 0.7407731681034483 0.804754849137931 0.6094423491379312 0.804754849137931
1 0.6666891163793104 0.7727640086206897 0.8047548491379312 0.7727640086206897 0.8047548491379312 0.867052801724138 0.6666891163793104 0.867052801724138
1 0.8215921336206896 0.707098599137931 0.9579741379310346 0.707098599137931 0.9579741379310346 0.8098060344827587 0.8215921336206896 0.8098060344827587
1 0.8518992456896551 0.7912850215517242 0.998046875 0.7912850215517242 0.998046875 0.8954828683748403 0.8518992456896551 0.8954828683748403
1 0.7104660560344828 0.8434806034482759 0.8636853448275862 0.8434806034482759 0.8636853448275862 0.9428205818965518 0.7104660560344828 0.9428205818965518
1 0.3215247844827587 0.6616379310344828 0.4983162715517242 0.6616379310344828 0.4983162715517242 0.744140625 0.3215247844827587 0.744140625
1 0.1800915948275862 0.7188846982758621 0.33667834051724144 0.7188846982758621 0.33667834051724144 0.8232758620689655 0.1800915948275862 0.8232758620689655
1 0.3551993534482759 0.6986799568965517 0.5404094827586207 0.6986799568965517 0.5404094827586207 0.8384294181034483 0.3551993534482759 0.8384294181034483
1 0.2272359913793104 0.8030711206896552 0.39055765086206895 0.8030711206896552 0.39055765086206895 0.9007273706896552 0.2272359913793104 0.9007273706896552
1 0.2524919181034483 0.8653690732758621 0.4545393318965517 0.8653690732758621 0.4545393318965517 0.9764951508620691 0.2524919181034483 0.9764951508620691
1 0.41412984913793105 0.7997036637931035 0.5909213362068965 0.7997036637931035 0.5909213362068965 0.8973599137931035 0.41412984913793105 0.8973599137931035
1 0.46632543103448276 0.8653690732758621 0.6027074353448275 0.8653690732758621 0.6027074353448275 0.9849137931034483 0.46632543103448276 0.9849137931034483
1 0.0066675646551723755 0.8148572198275863 0.14473329741379304 0.8148572198275863 0.14473329741379304 0.9562904094827587 0.0066675646551723755 0.9562904094827587
