1 0.008351293103448232 0.16325431034482754 0.08917025862068961 0.16325431034482754 0.08917025862068961 0.29963631465517243 0.008351293103448232 0.29963631465517243
1 0.09590517241379304 0.16325431034482754 0.16830549568965514 0.16325431034482754 0.16830549568965514 0.3181573275862069 0.09590517241379304 0.3181573275862069
1 0.17504040948275856 0.1834590517241379 0.24744073275862066 0.1834590517241379 0.24744073275862066 0.32994342672413796 0.17504040948275856 0.32994342672413796
1 0.2609105603448276 0.17167295258620688 0.3484644396551724 0.17167295258620688 0.3484644396551724 0.37877155172413796 0.2609105603448276 0.37877155172413796
1 0.34509698275862066 0.21376616379310343 0.43601831896551724 0.21376616379310343 0.43601831896551724 0.34846443965517243 0.34509698275862066 0.34846443965517243
1 0.4292834051724138 0.2272359913793103 0.5151535560344828 0.2272359913793103 0.5151535560344828 0.3265759698275862 0.4292834051724138 0.3265759698275862
1 0.5269396551724138 0.2373383620689655 0.6027074353448275 0.2373383620689655 0.6027074353448275 0.3888739224137931 0.5269396551724138 0.3888739224137931
1 0.6161772629310346 0.255859375 0.6885775862068967 0.255859375 0.6885775862068967 0.39055765086206895 0.6161772629310346 0.39055765086206895
1 0.7020474137931035 0.25754310344827586 0.7744477370689656 0.25754310344827586 0.7744477370689656 0.39729256465517243 0.7020474137931035 0.39729256465517243
1 0.7811826508620691 0.2794315732758621 0.8855738146551725 0.2794315732758621 0.8855738146551725 0.43096713362068967 0.7811826508620691 0.43096713362068967
3 0.5437769396551725 0.5353582974137931 0.7104660560344828 0.5353582974137931 0.7104660560344828 0.7778151939655172 0.5437769396551725 0.7778151939655172
1 0.5252559267241379 0.7727640086206897 0.6734240301724138 0.7727640086206897 0.6734240301724138 0.8569504310344828 0.5252559267241379 0.8569504310344828
1 0.5269396551724138 0.8620016163793104 0.6161772629310346 0.8620016163793104 0.6161772629310346 0.9360856681034483 0.5269396551724138 0.9360856681034483
1 0.7323545258620691 0.7542429956896552 0.8199084051724138 0.7542429956896552 0.8199084051724138 0.8283270474137931 0.7323545258620691 0.8283270474137931
1 0.7037311422413793 0.8451643318965517 0.7980199353448275 0.8451643318965517 0.7980199353448275 0.9461880387931035 0.7037311422413793 0.9461880387931035
1 0.02013739224137928 0.47979525862068967 0.09422144396551724 0.47979525862068967 0.09422144396551724 0.6161772629310345 0.02013739224137928 0.6161772629310345
1 0.10264008620689657 0.5084186422413793 0.17504040948275856 0.5084186422413793 0.17504040948275856 0.6043911637931034 0.10264008620689657 0.6043911637931034
1 0.19861260775862066 0.45959051724137934 0.255859375 0.45959051724137934 0.255859375 0.6195447198275862 0.19861260775862066 0.6195447198275862
1 0.2794315732758621 0.48989762931034486 0.36866918103448276 0.48989762931034486 0.36866918103448276 0.6296470905172414 0.2794315732758621 0.6296470905172414
1 0.3787715517241379 0.5387257543103449 0.451171875 0.5387257543103449 0.451171875 0.6515355603448276 0.3787715517241379 0.6515355603448276
1 0.0066675646551723755 0.6902613146551725 0.06391433189655171 0.6902613146551725 0.06391433189655171 0.841796875 0.0066675646551723755 0.841796875
1 0.07401670258620685 0.7020474137931035 0.14978448275862066 0.7020474137931035 0.14978448275862066 0.855266702586207 0.07401670258620685 0.855266702586207
1 0.16493803879310343 0.720568426724138 0.2508081896551724 0.720568426724138 0.2508081896551724 0.8485317887931035 0.16493803879310343 0.8485317887931035
1 0.2592268318965517 0.7306707974137931 0.34004579741379315 0.7306707974137931 0.34004579741379315 0.8569504310344828 0.2592268318965517 0.8569504310344828
1 0.3501481681034483 0.7508755387931035 0.4259159482758621 0.7508755387931035 0.4259159482758621 0.8569504310344828 0.3501481681034483 0.8569504310344828
1 0.877155172413793 0.06728178879310343 0.964709051724138 0.06728178879310343 0.964709051724138 0.169989224137931 0.877155172413793 0.169989224137931
1 0.7677128232758622 0.0369746767241379 0.8569504310344828 0.0369746767241379 0.8569504310344828 0.16157058189655168 0.7677128232758622 0.16157058189655168
1 0.5959725215517241 0.01676993534482755 0.6549030172413793 0.01676993534482755 0.6549030172413793 0.13294719827586204 0.5959725215517241 0.13294719827586204
