1 0.1750604538690476 0.24074590773809523 0.28783017113095233 0.24074590773809523 0.28783017113095233 0.3674665178571429 0.1750604538690476 0.3674665178571429
1 0.5459216889880952 0.5197637648809523 0.6784551711309524 0.5197637648809523 0.6784551711309524 0.6604352678571428 0.5459216889880952 0.6604352678571428
1 0.11809430803571427 0.8557477678571428 0.21110026041666666 0.8557477678571428 0.21110026041666666 0.9603794642857143 0.11809430803571427 0.9603794642857143
1 0.042526971726190466 0.7766927083333333 0.15994698660714288 0.7766927083333333 0.15994698660714288 0.9080636160714286 0.042526971726190466 0.9080636160714286
2 0.1715727306547619 0.8708612351190476 0.31263316761363646 0.8708612351190476 0.31263316761363646 0.998046875 0.1715727306547619 0.998046875
1 0.6738048735119048 0.3511904761904762 0.7970377604166667 0.3511904761904762 0.7970377604166667 0.4848865327380953 0.6738048735119048 0.4848865327380953
1 0.7505347842261905 0.4232700892857143 0.8423781622023809 0.4232700892857143 0.8423781622023809 0.5127883184523809 0.7505347842261905 0.5127883184523809
1 0.8086635044642858 0.463960193452381 0.9225957961309523 0.463960193452381 0.9225957961309523 0.5883556547619048 0.8086635044642858 0.5883556547619048
1 0.6366024925595238 0.5651041666666666 0.7656482514880952 0.5651041666666666 0.7656482514880952 0.6929873511904762 0.6366024925595238 0.6929873511904762
1 0.7017066592261905 0.6313709077380952 0.8086635044642858 0.6313709077380952 0.8086635044642858 0.7301897321428571 0.7017066592261905 0.7301897321428571
1 0.7714611235119048 0.6755487351190476 0.892368861607143 0.6755487351190476 0.892368861607143 0.7941313244047619 0.7714611235119048 0.7941313244047619
1 0.8412155877976191 0.7104259672619048 0.9667736235119049 0.7104259672619048 0.9667736235119049 0.8243582589285714 0.8412155877976191 0.8243582589285714
1 0.9074823288690477 0.7836681547619048 0.9970005580357144 0.7836681547619048 0.9970005580357144 0.8848121279761905 0.9074823288690477 0.8848121279761905
1 0.44826543898809523 0.439546130952381 0.6145135788690477 0.439546130952381 0.6145135788690477 0.596493675595238 0.44826543898809523 0.596493675595238
1 0.052990141369047616 0.40118117559523814 0.14599609374999997 0.40118117559523814 0.14599609374999997 0.5034877232142857 0.052990141369047616 0.5034877232142857
1 0.6180013020833334 0.06868489583333331 0.7214704241071429 0.06868489583333331 0.7214704241071429 0.18145461309523808 0.6180013020833334 0.18145461309523808
1 0.5331333705357143 0.01869419642857141 0.6656668526785715 0.01869419642857141 0.6656668526785715 0.1640159970238095 0.5331333705357143 0.1640159970238095
1 0.6621791294642858 0.11751302083333331 0.8202892485119048 0.11751302083333331 0.8202892485119048 0.26399739583333337 0.6621791294642858 0.26399739583333337
1 0.8412155877976191 0.0035807291666666483 0.9714239211309523 0.0035807291666666483 0.9714239211309523 0.12332589285714285 0.8412155877976191 0.12332589285714285
1 0.9191080729166667 0.04232933407738093 0.998046875 0.04232933407738093 0.998046875 0.16750372023809523 0.9191080729166667 0.16750372023809523
1 0.8354027157738095 0.2372581845238095 0.9842122395833335 0.2372581845238095 0.9842122395833335 0.41048177083333337 0.8354027157738095 0.41048177083333337
1 0.5831240699404763 0.28841145833333337 0.7261207217261905 0.28841145833333337 0.7261207217261905 0.4186197916666667 0.5831240699404763 0.4186197916666667
1 0.5029064360119048 0.21981956845238093 0.6063755580357143 0.21981956845238093 0.6063755580357143 0.35235305059523814 0.5029064360119048 0.35235305059523814
1 0.4250139508928572 0.1861049107142857 0.5354585193452381 0.1861049107142857 0.5354585193452381 0.2977120535714286 0.4250139508928572 0.2977120535714286
0 0.292863649103139 0.09098234304932735 0.3953370235426009 0.09098234304932735 0.3953370235426009 0.1943315582959641 0.292863649103139 0.1943315582959641
2 0.6510825392376681 0.8398262331838565 0.7885895459641256 0.8398262331838565 0.7885895459641256 0.9930983744394619 0.6510825392376681 0.9930983744394619
2 0.5731327073991032 0.7942825112107623 0.7141430773542601 0.7942825112107623 0.7141430773542601 0.9519338565022422 0.5731327073991032 0.9519338565022422
2 0.5135755325112108 0.741732062780269 0.6519583800448431 0.741732062780269 0.6519583800448431 0.9002592488789237 0.5135755325112108 0.9002592488789237
2 0.4531425168161435 0.7426079035874439 0.5521125280269058 0.7426079035874439 0.5521125280269058 0.8328195067264574 0.4531425168161435 0.8328195067264574
1 0.10368203475336323 0.4360636210762332 0.21754133968609865 0.4360636210762332 0.21754133968609865 0.562184697309417 0.10368203475336323 0.562184697309417
0 0.31038046524663676 0.3370936098654708 0.4995620795964125 0.3370936098654708 0.4995620795964125 0.5 0.31038046524663676 0.5
1 0.16761841367713004 0.5035033632286996 0.2867327634529148 0.5035033632286996 0.2867327634529148 0.6305002802690582 0.16761841367713004 0.6305002802690582
