1 0.8030711206896551 0.8687365301724138 0.964709051724138 0.8687365301724138 0.964709051724138 0.951239224137931 0.8030711206896551 0.951239224137931
1 0.7828663793103449 0.7896012931034483 0.9613415948275862 0.7896012931034483 0.9613415948275862 0.8636853448275863 0.7828663793103449 0.8636853448275863
1 0.7626616379310346 0.7020474137931035 0.9428205818965517 0.7020474137931035 0.9428205818965517 0.7896012931034483 0.7626616379310346 0.7896012931034483
1 0.7407731681034483 0.6296470905172414 0.9192483836206896 0.6296470905172414 0.9192483836206896 0.7003636853448276 0.7407731681034483 0.7003636853448276
1 0.7155172413793104 0.5286233836206897 0.9108297413793104 0.5286233836206897 0.9108297413793104 0.6296470905172414 0.7155172413793104 0.6296470905172414
1 0.6919450431034483 0.4545393318965517 0.8838900862068967 0.4545393318965517 0.8838900862068967 0.5437769396551725 0.6919450431034483 0.5437769396551725
1 0.6633216594827586 0.35519935344827586 0.8535829741379312 0.35519935344827586 0.8535829741379312 0.4545393318965517 0.6633216594827586 0.4545393318965517
1 0.6464843750000001 0.2861664870689655 0.8384294181034483 0.2861664870689655 0.8384294181034483 0.38213900862068967 0.6464843750000001 0.38213900862068967
1 0.6195447198275862 0.19861260775862066 0.8300107758620691 0.19861260775862066 0.8300107758620691 0.2962688577586207 0.6195447198275862 0.2962688577586207
1 0.6010237068965517 0.12789601293103445 0.779498922413793 0.12789601293103445 0.779498922413793 0.20534752155172412 0.6010237068965517 0.20534752155172412
1 0.5757677801724138 0.028556034482758588 0.7845501077586207 0.028556034482758588 0.7845501077586207 0.14136584051724135 0.5757677801724138 0.14136584051724135
1 0.8502155172413793 0.1918776939655172 0.998046875 0.1918776939655172 0.998046875 0.38172427971869316 0.8502155172413793 0.38172427971869316
1 0.8249595905172414 0.07064924568965515 0.998046875 0.07064924568965515 0.998046875 0.18658506831489918 0.8249595905172414 0.18658506831489918
1 0.8024193548387097 0.0022681451612903553 0.9956317204301075 0.0022681451612903553 0.9956317204301075 0.07577284946236561 0.8024193548387097 0.07577284946236561
